1,0,0,0,0,0,0,0,0,0,0,0,0,0,0,0,0,0,0,0,1,0
0.0,690.0,690.0,14.0,2.0,4.0,0.0,1.2623,0.1024,0.7713,NaN,1.0,NaN,1.9701,12.5538,0.9912,2.3012,0.113,8.77168,19.3646,0.0,3.893
0.0,690.0,690.0,14.0,2.0,4.0,0.0,1.2623,0.1024,0.7713,NaN,1.0,NaN,1.9701,12.5538,0.9912,2.3012,0.113,8.77168,19.3646,1.0,5.45
0.0,690.0,690.0,14.0,2.0,4.0,0.0,1.2623,0.1024,0.7713,NaN,1.0,NaN,1.9701,12.5538,0.9912,2.3012,0.113,8.77168,19.3646,2.0,1.791
0.0,690.0,690.0,14.0,2.0,4.0,0.0,1.2623,0.1024,0.7713,NaN,1.0,NaN,1.9701,12.5538,0.9912,2.3012,0.113,8.77168,19.3646,3.0,1.557
0.0,690.0,690.0,14.0,2.0,4.0,0.0,1.2623,0.1024,0.7713,NaN,1.0,NaN,1.9701,12.5538,0.9912,2.3012,0.113,8.77168,19.3646,4.0,3.114
0.0,690.0,690.0,14.0,2.0,4.0,0.0,1.2623,0.1024,0.7713,NaN,1.0,NaN,1.9701,12.5538,0.9912,2.3012,0.113,8.77168,19.3646,5.0,1.868
0.0,690.0,690.0,14.0,2.0,4.0,0.0,1.2623,0.1024,0.7713,NaN,1.0,NaN,1.9701,12.5538,0.9912,2.3012,0.113,8.77168,19.3646,6.0,1.09
0.0,690.0,690.0,14.0,2.0,4.0,0.0,1.2623,0.1024,0.7713,NaN,1.0,NaN,1.9701,12.5538,0.9912,2.3012,0.113,8.77168,19.3646,7.0,0.0
0.0,690.0,690.0,14.0,2.0,4.0,0.0,1.2623,0.1024,0.7713,NaN,1.0,NaN,1.9701,12.5538,0.9912,2.3012,0.113,8.77168,19.3646,8.0,67.655
0.0,690.0,690.0,14.0,2.0,4.0,0.0,1.2623,0.1024,0.7713,NaN,1.0,NaN,1.9701,12.5538,0.9912,2.3012,0.113,8.77168,19.3646,9.0,1.324
0.0,690.0,690.0,14.0,2.0,4.0,0.0,1.2623,0.1024,0.7713,NaN,1.0,NaN,1.9701,12.5538,0.9912,2.3012,0.113,8.77168,19.3646,10.0,5.683
0.0,690.0,690.0,14.0,2.0,4.0,0.0,1.2623,0.1024,0.7713,NaN,1.0,NaN,1.9701,12.5538,0.9912,2.3012,0.113,8.77168,19.3646,11.0,24.057
0.0,690.0,690.0,14.0,2.0,4.0,0.0,1.2623,0.1024,0.7713,NaN,1.0,NaN,1.9701,12.5538,0.9912,2.3012,0.113,8.77168,19.3646,12.0,0.779
0.0,690.0,690.0,14.0,2.0,4.0,0.0,1.2623,0.1024,0.7713,NaN,1.0,NaN,1.9701,12.5538,0.9912,2.3012,0.113,8.77168,19.3646,13.0,0.779
0.0,690.0,690.0,14.0,2.0,4.0,0.0,1.2623,0.1024,0.7713,NaN,1.0,NaN,1.9701,12.5538,0.9912,2.3012,0.113,8.77168,19.3646,14.0,0.467
0.0,690.0,690.0,14.0,2.0,4.0,0.0,1.2623,0.1024,0.7713,NaN,1.0,NaN,1.9701,12.5538,0.9912,2.3012,0.113,8.77168,19.3646,15.0,1.635
0.0,690.0,690.0,14.0,2.0,4.0,0.0,1.2623,0.1024,0.7713,NaN,1.0,NaN,1.9701,12.5538,0.9912,2.3012,0.113,8.77168,19.3646,16.0,3.893
0.0,690.0,690.0,14.0,2.0,4.0,0.0,1.2623,0.1024,0.7713,NaN,1.0,NaN,1.9701,12.5538,0.9912,2.3012,0.113,8.77168,19.3646,17.0,67.655
0.0,690.0,690.0,14.0,2.0,4.0,0.0,1.2623,0.1024,0.7713,NaN,1.0,NaN,1.9701,12.5538,0.9912,2.3012,0.113,8.77168,19.3646,18.0,5.138
0.0,690.0,690.0,14.0,2.0,4.0,0.0,1.2623,0.1024,0.7713,NaN,1.0,NaN,1.9701,12.5538,0.9912,2.3012,0.113,8.77168,19.3646,19.0,0.779
0.0,690.0,690.0,14.0,2.0,4.0,0.0,1.2623,0.1024,0.7713,NaN,1.0,NaN,1.9701,12.5538,0.9912,2.3012,0.113,8.77168,19.3646,20.0,3.893
0.0,690.0,690.0,14.0,2.0,4.0,0.0,1.2623,0.1024,0.7713,NaN,1.0,NaN,1.9701,12.5538,0.9912,2.3012,0.113,8.77168,19.3646,21.0,5.917
0.0,690.0,690.0,14.0,2.0,4.0,0.0,1.2623,0.1024,0.7713,NaN,1.0,NaN,1.9701,12.5538,0.9912,2.3012,0.113,8.77168,19.3646,22.0,1.09
0.0,690.0,690.0,14.0,2.0,4.0,0.0,1.2623,0.1024,0.7713,NaN,1.0,NaN,1.9701,12.5538,0.9912,2.3012,0.113,8.77168,19.3646,23.0,2.102
1.0,16000.0,20000.0,7.0,2.0,0.0,0.0,1.0975,0.1146,0.6109,NaN,1.0,NaN,6.1012,93.1399,0.2893,2.7416,0.0495,5.84444,54.3859,0.0,9.035
1.0,16000.0,20000.0,7.0,2.0,0.0,0.0,1.0975,0.1146,0.6109,NaN,1.0,NaN,6.1012,93.1399,0.2893,2.7416,0.0495,5.84444,54.3859,1.0,9.939
1.0,16000.0,20000.0,7.0,2.0,0.0,0.0,1.0975,0.1146,0.6109,NaN,1.0,NaN,6.1012,93.1399,0.2893,2.7416,0.0495,5.84444,54.3859,2.0,2.711
1.0,16000.0,20000.0,7.0,2.0,0.0,0.0,1.0975,0.1146,0.6109,NaN,1.0,NaN,6.1012,93.1399,0.2893,2.7416,0.0495,5.84444,54.3859,3.0,20.781
1.0,16000.0,20000.0,7.0,2.0,0.0,0.0,1.0975,0.1146,0.6109,NaN,1.0,NaN,6.1012,93.1399,0.2893,2.7416,0.0495,5.84444,54.3859,4.0,7.228
1.0,16000.0,20000.0,7.0,2.0,0.0,0.0,1.0975,0.1146,0.6109,NaN,1.0,NaN,6.1012,93.1399,0.2893,2.7416,0.0495,5.84444,54.3859,5.0,1.807
1.0,16000.0,20000.0,7.0,2.0,0.0,0.0,1.0975,0.1146,0.6109,NaN,1.0,NaN,6.1012,93.1399,0.2893,2.7416,0.0495,5.84444,54.3859,6.0,885.438
1.0,16000.0,20000.0,7.0,2.0,0.0,0.0,1.0975,0.1146,0.6109,NaN,1.0,NaN,6.1012,93.1399,0.2893,2.7416,0.0495,5.84444,54.3859,7.0,2.711
1.0,16000.0,20000.0,7.0,2.0,0.0,0.0,1.0975,0.1146,0.6109,NaN,1.0,NaN,6.1012,93.1399,0.2893,2.7416,0.0495,5.84444,54.3859,8.0,885.438
1.0,16000.0,20000.0,7.0,2.0,0.0,0.0,1.0975,0.1146,0.6109,NaN,1.0,NaN,6.1012,93.1399,0.2893,2.7416,0.0495,5.84444,54.3859,9.0,24.395
1.0,16000.0,20000.0,7.0,2.0,0.0,0.0,1.0975,0.1146,0.6109,NaN,1.0,NaN,6.1012,93.1399,0.2893,2.7416,0.0495,5.84444,54.3859,10.0,10.842
1.0,16000.0,20000.0,7.0,2.0,0.0,0.0,1.0975,0.1146,0.6109,NaN,1.0,NaN,6.1012,93.1399,0.2893,2.7416,0.0495,5.84444,54.3859,11.0,27.105
1.0,16000.0,20000.0,7.0,2.0,0.0,0.0,1.0975,0.1146,0.6109,NaN,1.0,NaN,6.1012,93.1399,0.2893,2.7416,0.0495,5.84444,54.3859,12.0,0.0
1.0,16000.0,20000.0,7.0,2.0,0.0,0.0,1.0975,0.1146,0.6109,NaN,1.0,NaN,6.1012,93.1399,0.2893,2.7416,0.0495,5.84444,54.3859,13.0,11.746
1.0,16000.0,20000.0,7.0,2.0,0.0,0.0,1.0975,0.1146,0.6109,NaN,1.0,NaN,6.1012,93.1399,0.2893,2.7416,0.0495,5.84444,54.3859,14.0,23.491
1.0,16000.0,20000.0,7.0,2.0,0.0,0.0,1.0975,0.1146,0.6109,NaN,1.0,NaN,6.1012,93.1399,0.2893,2.7416,0.0495,5.84444,54.3859,15.0,4.518
1.0,16000.0,20000.0,7.0,2.0,0.0,0.0,1.0975,0.1146,0.6109,NaN,1.0,NaN,6.1012,93.1399,0.2893,2.7416,0.0495,5.84444,54.3859,16.0,9.939
1.0,16000.0,20000.0,7.0,2.0,0.0,0.0,1.0975,0.1146,0.6109,NaN,1.0,NaN,6.1012,93.1399,0.2893,2.7416,0.0495,5.84444,54.3859,17.0,20.781
1.0,16000.0,20000.0,7.0,2.0,0.0,0.0,1.0975,0.1146,0.6109,NaN,1.0,NaN,6.1012,93.1399,0.2893,2.7416,0.0495,5.84444,54.3859,18.0,18.07
1.0,16000.0,20000.0,7.0,2.0,0.0,0.0,1.0975,0.1146,0.6109,NaN,1.0,NaN,6.1012,93.1399,0.2893,2.7416,0.0495,5.84444,54.3859,19.0,9.035
1.0,16000.0,20000.0,7.0,2.0,0.0,0.0,1.0975,0.1146,0.6109,NaN,1.0,NaN,6.1012,93.1399,0.2893,2.7416,0.0495,5.84444,54.3859,20.0,11.746
1.0,16000.0,20000.0,7.0,2.0,0.0,0.0,1.0975,0.1146,0.6109,NaN,1.0,NaN,6.1012,93.1399,0.2893,2.7416,0.0495,5.84444,54.3859,21.0,27.105
1.0,16000.0,20000.0,7.0,2.0,0.0,0.0,1.0975,0.1146,0.6109,NaN,1.0,NaN,6.1012,93.1399,0.2893,2.7416,0.0495,5.84444,54.3859,22.0,9.939
1.0,16000.0,20000.0,7.0,2.0,0.0,0.0,1.0975,0.1146,0.6109,NaN,1.0,NaN,6.1012,93.1399,0.2893,2.7416,0.0495,5.84444,54.3859,23.0,0.0
2.0,1250.0,2500.0,28.0,2.0,0.0,0.0,1.5124,0.3503,0.8869,NaN,1.0,NaN,0.4334,2.6581,0.9453,5.4853,0.3172,2.98014,16.2929,0.0,12.819
2.0,1250.0,2500.0,28.0,2.0,0.0,0.0,1.5124,0.3503,0.8869,NaN,1.0,NaN,0.4334,2.6581,0.9453,5.4853,0.3172,2.98014,16.2929,1.0,17.397
2.0,1250.0,2500.0,28.0,2.0,0.0,0.0,1.5124,0.3503,0.8869,NaN,1.0,NaN,0.4334,2.6581,0.9453,5.4853,0.3172,2.98014,16.2929,2.0,5.036
2.0,1250.0,2500.0,28.0,2.0,0.0,0.0,1.5124,0.3503,0.8869,NaN,1.0,NaN,0.4334,2.6581,0.9453,5.4853,0.3172,2.98014,16.2929,3.0,25.637
2.0,1250.0,2500.0,28.0,2.0,0.0,0.0,1.5124,0.3503,0.8869,NaN,1.0,NaN,0.4334,2.6581,0.9453,5.4853,0.3172,2.98014,16.2929,4.0,10.987
2.0,1250.0,2500.0,28.0,2.0,0.0,0.0,1.5124,0.3503,0.8869,NaN,1.0,NaN,0.4334,2.6581,0.9453,5.4853,0.3172,2.98014,16.2929,5.0,15.566
2.0,1250.0,2500.0,28.0,2.0,0.0,0.0,1.5124,0.3503,0.8869,NaN,1.0,NaN,0.4334,2.6581,0.9453,5.4853,0.3172,2.98014,16.2929,6.0,12.819
2.0,1250.0,2500.0,28.0,2.0,0.0,0.0,1.5124,0.3503,0.8869,NaN,1.0,NaN,0.4334,2.6581,0.9453,5.4853,0.3172,2.98014,16.2929,7.0,10.53
2.0,1250.0,2500.0,28.0,2.0,0.0,0.0,1.5124,0.3503,0.8869,NaN,1.0,NaN,0.4334,2.6581,0.9453,5.4853,0.3172,2.98014,16.2929,8.0,455.064
2.0,1250.0,2500.0,28.0,2.0,0.0,0.0,1.5124,0.3503,0.8869,NaN,1.0,NaN,0.4334,2.6581,0.9453,5.4853,0.3172,2.98014,16.2929,9.0,18.77
2.0,1250.0,2500.0,28.0,2.0,0.0,0.0,1.5124,0.3503,0.8869,NaN,1.0,NaN,0.4334,2.6581,0.9453,5.4853,0.3172,2.98014,16.2929,10.0,11.903
2.0,1250.0,2500.0,28.0,2.0,0.0,0.0,1.5124,0.3503,0.8869,NaN,1.0,NaN,0.4334,2.6581,0.9453,5.4853,0.3172,2.98014,16.2929,11.0,162.981
2.0,1250.0,2500.0,28.0,2.0,0.0,0.0,1.5124,0.3503,0.8869,NaN,1.0,NaN,0.4334,2.6581,0.9453,5.4853,0.3172,2.98014,16.2929,12.0,5.494
2.0,1250.0,2500.0,28.0,2.0,0.0,0.0,1.5124,0.3503,0.8869,NaN,1.0,NaN,0.4334,2.6581,0.9453,5.4853,0.3172,2.98014,16.2929,13.0,8.698
2.0,1250.0,2500.0,28.0,2.0,0.0,0.0,1.5124,0.3503,0.8869,NaN,1.0,NaN,0.4334,2.6581,0.9453,5.4853,0.3172,2.98014,16.2929,14.0,27.011
2.0,1250.0,2500.0,28.0,2.0,0.0,0.0,1.5124,0.3503,0.8869,NaN,1.0,NaN,0.4334,2.6581,0.9453,5.4853,0.3172,2.98014,16.2929,15.0,12.819
2.0,1250.0,2500.0,28.0,2.0,0.0,0.0,1.5124,0.3503,0.8869,NaN,1.0,NaN,0.4334,2.6581,0.9453,5.4853,0.3172,2.98014,16.2929,16.0,24.264
2.0,1250.0,2500.0,28.0,2.0,0.0,0.0,1.5124,0.3503,0.8869,NaN,1.0,NaN,0.4334,2.6581,0.9453,5.4853,0.3172,2.98014,16.2929,17.0,22.891
2.0,1250.0,2500.0,28.0,2.0,0.0,0.0,1.5124,0.3503,0.8869,NaN,1.0,NaN,0.4334,2.6581,0.9453,5.4853,0.3172,2.98014,16.2929,18.0,21.975
2.0,1250.0,2500.0,28.0,2.0,0.0,0.0,1.5124,0.3503,0.8869,NaN,1.0,NaN,0.4334,2.6581,0.9453,5.4853,0.3172,2.98014,16.2929,19.0,0.458
2.0,1250.0,2500.0,28.0,2.0,0.0,0.0,1.5124,0.3503,0.8869,NaN,1.0,NaN,0.4334,2.6581,0.9453,5.4853,0.3172,2.98014,16.2929,20.0,9.614
2.0,1250.0,2500.0,28.0,2.0,0.0,0.0,1.5124,0.3503,0.8869,NaN,1.0,NaN,0.4334,2.6581,0.9453,5.4853,0.3172,2.98014,16.2929,21.0,21.059
2.0,1250.0,2500.0,28.0,2.0,0.0,0.0,1.5124,0.3503,0.8869,NaN,1.0,NaN,0.4334,2.6581,0.9453,5.4853,0.3172,2.98014,16.2929,22.0,12.819
2.0,1250.0,2500.0,28.0,2.0,0.0,0.0,1.5124,0.3503,0.8869,NaN,1.0,NaN,0.4334,2.6581,0.9453,5.4853,0.3172,2.98014,16.2929,23.0,0.0
3.0,7480.0,18700.0,20.0,2.0,0.0,0.0,1.032,0.2178,0.55,NaN,1.0,NaN,0.9012,3.5214,0.3256,4.6908,0.0292,160.644,159.644,0.0,13.84
3.0,7480.0,18700.0,20.0,2.0,0.0,0.0,1.032,0.2178,0.55,NaN,1.0,NaN,0.9012,3.5214,0.3256,4.6908,0.0292,160.644,159.644,1.0,1.432
3.0,7480.0,18700.0,20.0,2.0,0.0,0.0,1.032,0.2178,0.55,NaN,1.0,NaN,0.9012,3.5214,0.3256,4.6908,0.0292,160.644,159.644,2.0,4.295
3.0,7480.0,18700.0,20.0,2.0,0.0,0.0,1.032,0.2178,0.55,NaN,1.0,NaN,0.9012,3.5214,0.3256,4.6908,0.0292,160.644,159.644,3.0,20.521
3.0,7480.0,18700.0,20.0,2.0,0.0,0.0,1.032,0.2178,0.55,NaN,1.0,NaN,0.9012,3.5214,0.3256,4.6908,0.0292,160.644,159.644,4.0,0.0
3.0,7480.0,18700.0,20.0,2.0,0.0,0.0,1.032,0.2178,0.55,NaN,1.0,NaN,0.9012,3.5214,0.3256,4.6908,0.0292,160.644,159.644,5.0,0.954
3.0,7480.0,18700.0,20.0,2.0,0.0,0.0,1.032,0.2178,0.55,NaN,1.0,NaN,0.9012,3.5214,0.3256,4.6908,0.0292,160.644,159.644,6.0,460.999
3.0,7480.0,18700.0,20.0,2.0,0.0,0.0,1.032,0.2178,0.55,NaN,1.0,NaN,0.9012,3.5214,0.3256,4.6908,0.0292,160.644,159.644,7.0,5.249
3.0,7480.0,18700.0,20.0,2.0,0.0,0.0,1.032,0.2178,0.55,NaN,1.0,NaN,0.9012,3.5214,0.3256,4.6908,0.0292,160.644,159.644,8.0,460.999
3.0,7480.0,18700.0,20.0,2.0,0.0,0.0,1.032,0.2178,0.55,NaN,1.0,NaN,0.9012,3.5214,0.3256,4.6908,0.0292,160.644,159.644,9.0,12.885
3.0,7480.0,18700.0,20.0,2.0,0.0,0.0,1.032,0.2178,0.55,NaN,1.0,NaN,0.9012,3.5214,0.3256,4.6908,0.0292,160.644,159.644,10.0,3.818
3.0,7480.0,18700.0,20.0,2.0,0.0,0.0,1.032,0.2178,0.55,NaN,1.0,NaN,0.9012,3.5214,0.3256,4.6908,0.0292,160.644,159.644,11.0,12.408
3.0,7480.0,18700.0,20.0,2.0,0.0,0.0,1.032,0.2178,0.55,NaN,1.0,NaN,0.9012,3.5214,0.3256,4.6908,0.0292,160.644,159.644,12.0,5.249
3.0,7480.0,18700.0,20.0,2.0,0.0,0.0,1.032,0.2178,0.55,NaN,1.0,NaN,0.9012,3.5214,0.3256,4.6908,0.0292,160.644,159.644,13.0,7.636
3.0,7480.0,18700.0,20.0,2.0,0.0,0.0,1.032,0.2178,0.55,NaN,1.0,NaN,0.9012,3.5214,0.3256,4.6908,0.0292,160.644,159.644,14.0,22.907
3.0,7480.0,18700.0,20.0,2.0,0.0,0.0,1.032,0.2178,0.55,NaN,1.0,NaN,0.9012,3.5214,0.3256,4.6908,0.0292,160.644,159.644,15.0,2.863
3.0,7480.0,18700.0,20.0,2.0,0.0,0.0,1.032,0.2178,0.55,NaN,1.0,NaN,0.9012,3.5214,0.3256,4.6908,0.0292,160.644,159.644,16.0,0.954
3.0,7480.0,18700.0,20.0,2.0,0.0,0.0,1.032,0.2178,0.55,NaN,1.0,NaN,0.9012,3.5214,0.3256,4.6908,0.0292,160.644,159.644,17.0,7.636
3.0,7480.0,18700.0,20.0,2.0,0.0,0.0,1.032,0.2178,0.55,NaN,1.0,NaN,0.9012,3.5214,0.3256,4.6908,0.0292,160.644,159.644,18.0,3.341
3.0,7480.0,18700.0,20.0,2.0,0.0,0.0,1.032,0.2178,0.55,NaN,1.0,NaN,0.9012,3.5214,0.3256,4.6908,0.0292,160.644,159.644,19.0,5.727
3.0,7480.0,18700.0,20.0,2.0,0.0,0.0,1.032,0.2178,0.55,NaN,1.0,NaN,0.9012,3.5214,0.3256,4.6908,0.0292,160.644,159.644,20.0,2.386
3.0,7480.0,18700.0,20.0,2.0,0.0,0.0,1.032,0.2178,0.55,NaN,1.0,NaN,0.9012,3.5214,0.3256,4.6908,0.0292,160.644,159.644,21.0,25.77
3.0,7480.0,18700.0,20.0,2.0,0.0,0.0,1.032,0.2178,0.55,NaN,1.0,NaN,0.9012,3.5214,0.3256,4.6908,0.0292,160.644,159.644,22.0,4.772
3.0,7480.0,18700.0,20.0,2.0,0.0,0.0,1.032,0.2178,0.55,NaN,1.0,NaN,0.9012,3.5214,0.3256,4.6908,0.0292,160.644,159.644,23.0,6.204
4.0,20000.0,40000.0,16.0,24.0,0.0,0.0,1.3218,0.1885,0.9884,0.9191,0.1505,0.2807,0.42,4.4024,4.5603,5.6411,1.3149,3.46817,3.29014,0.0,76.475
4.0,20000.0,40000.0,16.0,24.0,0.0,0.0,1.3218,0.1885,0.9884,0.9191,0.1505,0.2807,0.42,4.4024,4.5603,5.6411,1.3149,3.46817,3.29014,1.0,86.162
4.0,20000.0,40000.0,16.0,24.0,0.0,0.0,1.3218,0.1885,0.9884,0.9191,0.1505,0.2807,0.42,4.4024,4.5603,5.6411,1.3149,3.46817,3.29014,2.0,467.007
4.0,20000.0,40000.0,16.0,24.0,0.0,0.0,1.3218,0.1885,0.9884,0.9191,0.1505,0.2807,0.42,4.4024,4.5603,5.6411,1.3149,3.46817,3.29014,3.0,122.36
4.0,20000.0,40000.0,16.0,24.0,0.0,0.0,1.3218,0.1885,0.9884,0.9191,0.1505,0.2807,0.42,4.4024,4.5603,5.6411,1.3149,3.46817,3.29014,4.0,40.787
4.0,20000.0,40000.0,16.0,24.0,0.0,0.0,1.3218,0.1885,0.9884,0.9191,0.1505,0.2807,0.42,4.4024,4.5603,5.6411,1.3149,3.46817,3.29014,5.0,46.395
4.0,20000.0,40000.0,16.0,24.0,0.0,0.0,1.3218,0.1885,0.9884,0.9191,0.1505,0.2807,0.42,4.4024,4.5603,5.6411,1.3149,3.46817,3.29014,6.0,467.007
4.0,20000.0,40000.0,16.0,24.0,0.0,0.0,1.3218,0.1885,0.9884,0.9191,0.1505,0.2807,0.42,4.4024,4.5603,5.6411,1.3149,3.46817,3.29014,7.0,81.573
4.0,20000.0,40000.0,16.0,24.0,0.0,0.0,1.3218,0.1885,0.9884,0.9191,0.1505,0.2807,0.42,4.4024,4.5603,5.6411,1.3149,3.46817,3.29014,8.0,467.007
4.0,20000.0,40000.0,16.0,24.0,0.0,0.0,1.3218,0.1885,0.9884,0.9191,0.1505,0.2807,0.42,4.4024,4.5603,5.6411,1.3149,3.46817,3.29014,9.0,47.924
4.0,20000.0,40000.0,16.0,24.0,0.0,0.0,1.3218,0.1885,0.9884,0.9191,0.1505,0.2807,0.42,4.4024,4.5603,5.6411,1.3149,3.46817,3.29014,10.0,33.649
4.0,20000.0,40000.0,16.0,24.0,0.0,0.0,1.3218,0.1885,0.9884,0.9191,0.1505,0.2807,0.42,4.4024,4.5603,5.6411,1.3149,3.46817,3.29014,11.0,446.613
4.0,20000.0,40000.0,16.0,24.0,0.0,0.0,1.3218,0.1885,0.9884,0.9191,0.1505,0.2807,0.42,4.4024,4.5603,5.6411,1.3149,3.46817,3.29014,12.0,3.569
4.0,20000.0,40000.0,16.0,24.0,0.0,0.0,1.3218,0.1885,0.9884,0.9191,0.1505,0.2807,0.42,4.4024,4.5603,5.6411,1.3149,3.46817,3.29014,13.0,11.726
4.0,20000.0,40000.0,16.0,24.0,0.0,0.0,1.3218,0.1885,0.9884,0.9191,0.1505,0.2807,0.42,4.4024,4.5603,5.6411,1.3149,3.46817,3.29014,14.0,312.527
4.0,20000.0,40000.0,16.0,24.0,0.0,0.0,1.3218,0.1885,0.9884,0.9191,0.1505,0.2807,0.42,4.4024,4.5603,5.6411,1.3149,3.46817,3.29014,15.0,45.375
4.0,20000.0,40000.0,16.0,24.0,0.0,0.0,1.3218,0.1885,0.9884,0.9191,0.1505,0.2807,0.42,4.4024,4.5603,5.6411,1.3149,3.46817,3.29014,16.0,19.883
4.0,20000.0,40000.0,16.0,24.0,0.0,0.0,1.3218,0.1885,0.9884,0.9191,0.1505,0.2807,0.42,4.4024,4.5603,5.6411,1.3149,3.46817,3.29014,17.0,45.885
4.0,20000.0,40000.0,16.0,24.0,0.0,0.0,1.3218,0.1885,0.9884,0.9191,0.1505,0.2807,0.42,4.4024,4.5603,5.6411,1.3149,3.46817,3.29014,18.0,18.864
4.0,20000.0,40000.0,16.0,24.0,0.0,0.0,1.3218,0.1885,0.9884,0.9191,0.1505,0.2807,0.42,4.4024,4.5603,5.6411,1.3149,3.46817,3.29014,19.0,23.962
4.0,20000.0,40000.0,16.0,24.0,0.0,0.0,1.3218,0.1885,0.9884,0.9191,0.1505,0.2807,0.42,4.4024,4.5603,5.6411,1.3149,3.46817,3.29014,20.0,46.905
4.0,20000.0,40000.0,16.0,24.0,0.0,0.0,1.3218,0.1885,0.9884,0.9191,0.1505,0.2807,0.42,4.4024,4.5603,5.6411,1.3149,3.46817,3.29014,21.0,0.0
4.0,20000.0,40000.0,16.0,24.0,0.0,0.0,1.3218,0.1885,0.9884,0.9191,0.1505,0.2807,0.42,4.4024,4.5603,5.6411,1.3149,3.46817,3.29014,22.0,22.942
4.0,20000.0,40000.0,16.0,24.0,0.0,0.0,1.3218,0.1885,0.9884,0.9191,0.1505,0.2807,0.42,4.4024,4.5603,5.6411,1.3149,3.46817,3.29014,23.0,22.433
5.0,2670.0,8900.0,16.0,2.0,8.0,0.0,1.0273,0.0825,0.7618,NaN,1.0,NaN,1.2082,4.4046,1.0,1.77,0.641,1.56006,1.76131,0.0,9.523
5.0,2670.0,8900.0,16.0,2.0,8.0,0.0,1.0273,0.0825,0.7618,NaN,1.0,NaN,1.2082,4.4046,1.0,1.77,0.641,1.56006,1.76131,1.0,17.142
5.0,2670.0,8900.0,16.0,2.0,8.0,0.0,1.0273,0.0825,0.7618,NaN,1.0,NaN,1.2082,4.4046,1.0,1.77,0.641,1.56006,1.76131,2.0,9.714
5.0,2670.0,8900.0,16.0,2.0,8.0,0.0,1.0273,0.0825,0.7618,NaN,1.0,NaN,1.2082,4.4046,1.0,1.77,0.641,1.56006,1.76131,3.0,14.475
5.0,2670.0,8900.0,16.0,2.0,8.0,0.0,1.0273,0.0825,0.7618,NaN,1.0,NaN,1.2082,4.4046,1.0,1.77,0.641,1.56006,1.76131,4.0,8.38
5.0,2670.0,8900.0,16.0,2.0,8.0,0.0,1.0273,0.0825,0.7618,NaN,1.0,NaN,1.2082,4.4046,1.0,1.77,0.641,1.56006,1.76131,5.0,0.0
5.0,2670.0,8900.0,16.0,2.0,8.0,0.0,1.0273,0.0825,0.7618,NaN,1.0,NaN,1.2082,4.4046,1.0,1.77,0.641,1.56006,1.76131,6.0,9.523
5.0,2670.0,8900.0,16.0,2.0,8.0,0.0,1.0273,0.0825,0.7618,NaN,1.0,NaN,1.2082,4.4046,1.0,1.77,0.641,1.56006,1.76131,7.0,0.762
5.0,2670.0,8900.0,16.0,2.0,8.0,0.0,1.0273,0.0825,0.7618,NaN,1.0,NaN,1.2082,4.4046,1.0,1.77,0.641,1.56006,1.76131,8.0,14.666
5.0,2670.0,8900.0,16.0,2.0,8.0,0.0,1.0273,0.0825,0.7618,NaN,1.0,NaN,1.2082,4.4046,1.0,1.77,0.641,1.56006,1.76131,9.0,7.428
5.0,2670.0,8900.0,16.0,2.0,8.0,0.0,1.0273,0.0825,0.7618,NaN,1.0,NaN,1.2082,4.4046,1.0,1.77,0.641,1.56006,1.76131,10.0,10.095
5.0,2670.0,8900.0,16.0,2.0,8.0,0.0,1.0273,0.0825,0.7618,NaN,1.0,NaN,1.2082,4.4046,1.0,1.77,0.641,1.56006,1.76131,11.0,79.805
5.0,2670.0,8900.0,16.0,2.0,8.0,0.0,1.0273,0.0825,0.7618,NaN,1.0,NaN,1.2082,4.4046,1.0,1.77,0.641,1.56006,1.76131,12.0,9.333
5.0,2670.0,8900.0,16.0,2.0,8.0,0.0,1.0273,0.0825,0.7618,NaN,1.0,NaN,1.2082,4.4046,1.0,1.77,0.641,1.56006,1.76131,13.0,9.523
5.0,2670.0,8900.0,16.0,2.0,8.0,0.0,1.0273,0.0825,0.7618,NaN,1.0,NaN,1.2082,4.4046,1.0,1.77,0.641,1.56006,1.76131,14.0,16.761
5.0,2670.0,8900.0,16.0,2.0,8.0,0.0,1.0273,0.0825,0.7618,NaN,1.0,NaN,1.2082,4.4046,1.0,1.77,0.641,1.56006,1.76131,15.0,0.0
5.0,2670.0,8900.0,16.0,2.0,8.0,0.0,1.0273,0.0825,0.7618,NaN,1.0,NaN,1.2082,4.4046,1.0,1.77,0.641,1.56006,1.76131,16.0,21.713
5.0,2670.0,8900.0,16.0,2.0,8.0,0.0,1.0273,0.0825,0.7618,NaN,1.0,NaN,1.2082,4.4046,1.0,1.77,0.641,1.56006,1.76131,17.0,20.951
5.0,2670.0,8900.0,16.0,2.0,8.0,0.0,1.0273,0.0825,0.7618,NaN,1.0,NaN,1.2082,4.4046,1.0,1.77,0.641,1.56006,1.76131,18.0,16.19
5.0,2670.0,8900.0,16.0,2.0,8.0,0.0,1.0273,0.0825,0.7618,NaN,1.0,NaN,1.2082,4.4046,1.0,1.77,0.641,1.56006,1.76131,19.0,9.714
5.0,2670.0,8900.0,16.0,2.0,8.0,0.0,1.0273,0.0825,0.7618,NaN,1.0,NaN,1.2082,4.4046,1.0,1.77,0.641,1.56006,1.76131,20.0,9.523
5.0,2670.0,8900.0,16.0,2.0,8.0,0.0,1.0273,0.0825,0.7618,NaN,1.0,NaN,1.2082,4.4046,1.0,1.77,0.641,1.56006,1.76131,21.0,11.428
5.0,2670.0,8900.0,16.0,2.0,8.0,0.0,1.0273,0.0825,0.7618,NaN,1.0,NaN,1.2082,4.4046,1.0,1.77,0.641,1.56006,1.76131,22.0,9.523
5.0,2670.0,8900.0,16.0,2.0,8.0,0.0,1.0273,0.0825,0.7618,NaN,1.0,NaN,1.2082,4.4046,1.0,1.77,0.641,1.56006,1.76131,23.0,5.524
6.0,1186.0,3186.0,180.0,3.0,0.0,0.0,1.5407,0.0456,0.8729,0.83,0.5252,1.0,2.5582,29.5674,1.4725,0.8072,0.0218,67.5459,36.0275,0.0,10.247
6.0,1186.0,3186.0,180.0,3.0,0.0,0.0,1.5407,0.0456,0.8729,0.83,0.5252,1.0,2.5582,29.5674,1.4725,0.8072,0.0218,67.5459,36.0275,1.0,2.779
6.0,1186.0,3186.0,180.0,3.0,0.0,0.0,1.5407,0.0456,0.8729,0.83,0.5252,1.0,2.5582,29.5674,1.4725,0.8072,0.0218,67.5459,36.0275,2.0,8.163
6.0,1186.0,3186.0,180.0,3.0,0.0,0.0,1.5407,0.0456,0.8729,0.83,0.5252,1.0,2.5582,29.5674,1.4725,0.8072,0.0218,67.5459,36.0275,3.0,4.689
6.0,1186.0,3186.0,180.0,3.0,0.0,0.0,1.5407,0.0456,0.8729,0.83,0.5252,1.0,2.5582,29.5674,1.4725,0.8072,0.0218,67.5459,36.0275,4.0,9.379
6.0,1186.0,3186.0,180.0,3.0,0.0,0.0,1.5407,0.0456,0.8729,0.83,0.5252,1.0,2.5582,29.5674,1.4725,0.8072,0.0218,67.5459,36.0275,5.0,6.079
6.0,1186.0,3186.0,180.0,3.0,0.0,0.0,1.5407,0.0456,0.8729,0.83,0.5252,1.0,2.5582,29.5674,1.4725,0.8072,0.0218,67.5459,36.0275,6.0,7.642
6.0,1186.0,3186.0,180.0,3.0,0.0,0.0,1.5407,0.0456,0.8729,0.83,0.5252,1.0,2.5582,29.5674,1.4725,0.8072,0.0218,67.5459,36.0275,7.0,15.631
6.0,1186.0,3186.0,180.0,3.0,0.0,0.0,1.5407,0.0456,0.8729,0.83,0.5252,1.0,2.5582,29.5674,1.4725,0.8072,0.0218,67.5459,36.0275,8.0,166.556
6.0,1186.0,3186.0,180.0,3.0,0.0,0.0,1.5407,0.0456,0.8729,0.83,0.5252,1.0,2.5582,29.5674,1.4725,0.8072,0.0218,67.5459,36.0275,9.0,5.384
6.0,1186.0,3186.0,180.0,3.0,0.0,0.0,1.5407,0.0456,0.8729,0.83,0.5252,1.0,2.5582,29.5674,1.4725,0.8072,0.0218,67.5459,36.0275,10.0,9.379
6.0,1186.0,3186.0,180.0,3.0,0.0,0.0,1.5407,0.0456,0.8729,0.83,0.5252,1.0,2.5582,29.5674,1.4725,0.8072,0.0218,67.5459,36.0275,11.0,76.244
6.0,1186.0,3186.0,180.0,3.0,0.0,0.0,1.5407,0.0456,0.8729,0.83,0.5252,1.0,2.5582,29.5674,1.4725,0.8072,0.0218,67.5459,36.0275,12.0,1.216
6.0,1186.0,3186.0,180.0,3.0,0.0,0.0,1.5407,0.0456,0.8729,0.83,0.5252,1.0,2.5582,29.5674,1.4725,0.8072,0.0218,67.5459,36.0275,13.0,3.126
6.0,1186.0,3186.0,180.0,3.0,0.0,0.0,1.5407,0.0456,0.8729,0.83,0.5252,1.0,2.5582,29.5674,1.4725,0.8072,0.0218,67.5459,36.0275,14.0,16.326
6.0,1186.0,3186.0,180.0,3.0,0.0,0.0,1.5407,0.0456,0.8729,0.83,0.5252,1.0,2.5582,29.5674,1.4725,0.8072,0.0218,67.5459,36.0275,15.0,5.558
6.0,1186.0,3186.0,180.0,3.0,0.0,0.0,1.5407,0.0456,0.8729,0.83,0.5252,1.0,2.5582,29.5674,1.4725,0.8072,0.0218,67.5459,36.0275,16.0,19.799
6.0,1186.0,3186.0,180.0,3.0,0.0,0.0,1.5407,0.0456,0.8729,0.83,0.5252,1.0,2.5582,29.5674,1.4725,0.8072,0.0218,67.5459,36.0275,17.0,51.756
6.0,1186.0,3186.0,180.0,3.0,0.0,0.0,1.5407,0.0456,0.8729,0.83,0.5252,1.0,2.5582,29.5674,1.4725,0.8072,0.0218,67.5459,36.0275,18.0,166.556
6.0,1186.0,3186.0,180.0,3.0,0.0,0.0,1.5407,0.0456,0.8729,0.83,0.5252,1.0,2.5582,29.5674,1.4725,0.8072,0.0218,67.5459,36.0275,19.0,3.474
6.0,1186.0,3186.0,180.0,3.0,0.0,0.0,1.5407,0.0456,0.8729,0.83,0.5252,1.0,2.5582,29.5674,1.4725,0.8072,0.0218,67.5459,36.0275,20.0,10.247
6.0,1186.0,3186.0,180.0,3.0,0.0,0.0,1.5407,0.0456,0.8729,0.83,0.5252,1.0,2.5582,29.5674,1.4725,0.8072,0.0218,67.5459,36.0275,21.0,3.126
6.0,1186.0,3186.0,180.0,3.0,0.0,0.0,1.5407,0.0456,0.8729,0.83,0.5252,1.0,2.5582,29.5674,1.4725,0.8072,0.0218,67.5459,36.0275,22.0,0.0
6.0,1186.0,3186.0,180.0,3.0,0.0,0.0,1.5407,0.0456,0.8729,0.83,0.5252,1.0,2.5582,29.5674,1.4725,0.8072,0.0218,67.5459,36.0275,23.0,17.368
7.0,768.0,768.0,8.0,2.0,0.0,0.0,1.0377,0.1439,0.5507,NaN,1.0,NaN,1.0586,5.827,0.9331,4.5301,0.112,8.33125,39.4473,0.0,3.529
7.0,768.0,768.0,8.0,2.0,0.0,0.0,1.0377,0.1439,0.5507,NaN,1.0,NaN,1.0586,5.827,0.9331,4.5301,0.112,8.33125,39.4473,1.0,5.193
7.0,768.0,768.0,8.0,2.0,0.0,0.0,1.0377,0.1439,0.5507,NaN,1.0,NaN,1.0586,5.827,0.9331,4.5301,0.112,8.33125,39.4473,2.0,1.664
7.0,768.0,768.0,8.0,2.0,0.0,0.0,1.0377,0.1439,0.5507,NaN,1.0,NaN,1.0586,5.827,0.9331,4.5301,0.112,8.33125,39.4473,3.0,2.596
7.0,768.0,768.0,8.0,2.0,0.0,0.0,1.0377,0.1439,0.5507,NaN,1.0,NaN,1.0586,5.827,0.9331,4.5301,0.112,8.33125,39.4473,4.0,3.196
7.0,768.0,768.0,8.0,2.0,0.0,0.0,1.0377,0.1439,0.5507,NaN,1.0,NaN,1.0586,5.827,0.9331,4.5301,0.112,8.33125,39.4473,5.0,3.129
7.0,768.0,768.0,8.0,2.0,0.0,0.0,1.0377,0.1439,0.5507,NaN,1.0,NaN,1.0586,5.827,0.9331,4.5301,0.112,8.33125,39.4473,6.0,2.13
7.0,768.0,768.0,8.0,2.0,0.0,0.0,1.0377,0.1439,0.5507,NaN,1.0,NaN,1.0586,5.827,0.9331,4.5301,0.112,8.33125,39.4473,7.0,1.798
7.0,768.0,768.0,8.0,2.0,0.0,0.0,1.0377,0.1439,0.5507,NaN,1.0,NaN,1.0586,5.827,0.9331,4.5301,0.112,8.33125,39.4473,8.0,51.73
7.0,768.0,768.0,8.0,2.0,0.0,0.0,1.0377,0.1439,0.5507,NaN,1.0,NaN,1.0586,5.827,0.9331,4.5301,0.112,8.33125,39.4473,9.0,2.33
7.0,768.0,768.0,8.0,2.0,0.0,0.0,1.0377,0.1439,0.5507,NaN,1.0,NaN,1.0586,5.827,0.9331,4.5301,0.112,8.33125,39.4473,10.0,4.394
7.0,768.0,768.0,8.0,2.0,0.0,0.0,1.0377,0.1439,0.5507,NaN,1.0,NaN,1.0586,5.827,0.9331,4.5301,0.112,8.33125,39.4473,11.0,8.455
7.0,768.0,768.0,8.0,2.0,0.0,0.0,1.0377,0.1439,0.5507,NaN,1.0,NaN,1.0586,5.827,0.9331,4.5301,0.112,8.33125,39.4473,12.0,0.067
7.0,768.0,768.0,8.0,2.0,0.0,0.0,1.0377,0.1439,0.5507,NaN,1.0,NaN,1.0586,5.827,0.9331,4.5301,0.112,8.33125,39.4473,13.0,0.133
7.0,768.0,768.0,8.0,2.0,0.0,0.0,1.0377,0.1439,0.5507,NaN,1.0,NaN,1.0586,5.827,0.9331,4.5301,0.112,8.33125,39.4473,14.0,1.465
7.0,768.0,768.0,8.0,2.0,0.0,0.0,1.0377,0.1439,0.5507,NaN,1.0,NaN,1.0586,5.827,0.9331,4.5301,0.112,8.33125,39.4473,15.0,3.196
7.0,768.0,768.0,8.0,2.0,0.0,0.0,1.0377,0.1439,0.5507,NaN,1.0,NaN,1.0586,5.827,0.9331,4.5301,0.112,8.33125,39.4473,16.0,6.724
7.0,768.0,768.0,8.0,2.0,0.0,0.0,1.0377,0.1439,0.5507,NaN,1.0,NaN,1.0586,5.827,0.9331,4.5301,0.112,8.33125,39.4473,17.0,3.329
7.0,768.0,768.0,8.0,2.0,0.0,0.0,1.0377,0.1439,0.5507,NaN,1.0,NaN,1.0586,5.827,0.9331,4.5301,0.112,8.33125,39.4473,18.0,3.262
7.0,768.0,768.0,8.0,2.0,0.0,0.0,1.0377,0.1439,0.5507,NaN,1.0,NaN,1.0586,5.827,0.9331,4.5301,0.112,8.33125,39.4473,19.0,0.0
7.0,768.0,768.0,8.0,2.0,0.0,0.0,1.0377,0.1439,0.5507,NaN,1.0,NaN,1.0586,5.827,0.9331,4.5301,0.112,8.33125,39.4473,20.0,4.394
7.0,768.0,768.0,8.0,2.0,0.0,0.0,1.0377,0.1439,0.5507,NaN,1.0,NaN,1.0586,5.827,0.9331,4.5301,0.112,8.33125,39.4473,21.0,2.596
7.0,768.0,768.0,8.0,2.0,0.0,0.0,1.0377,0.1439,0.5507,NaN,1.0,NaN,1.0586,5.827,0.9331,4.5301,0.112,8.33125,39.4473,22.0,1.332
7.0,768.0,768.0,8.0,2.0,0.0,0.0,1.0377,0.1439,0.5507,NaN,1.0,NaN,1.0586,5.827,0.9331,4.5301,0.112,8.33125,39.4473,23.0,0.599
8.0,9000.0,18000.0,16.0,10.0,0.0,0.0,1.5673,0.2119,0.8929,0.8902,0.2031,0.4049,0.8562,5.1256,3.3219,6.5452,0.5049,6.57932,11.9634,0.0,48.412
8.0,9000.0,18000.0,16.0,10.0,0.0,0.0,1.5673,0.2119,0.8929,0.8902,0.2031,0.4049,0.8562,5.1256,3.3219,6.5452,0.5049,6.57932,11.9634,1.0,9.413
8.0,9000.0,18000.0,16.0,10.0,0.0,0.0,1.5673,0.2119,0.8929,0.8902,0.2031,0.4049,0.8562,5.1256,3.3219,6.5452,0.5049,6.57932,11.9634,2.0,14.792
8.0,9000.0,18000.0,16.0,10.0,0.0,0.0,1.5673,0.2119,0.8929,0.8902,0.2031,0.4049,0.8562,5.1256,3.3219,6.5452,0.5049,6.57932,11.9634,3.0,83.376
8.0,9000.0,18000.0,16.0,10.0,0.0,0.0,1.5673,0.2119,0.8929,0.8902,0.2031,0.4049,0.8562,5.1256,3.3219,6.5452,0.5049,6.57932,11.9634,4.0,41.688
8.0,9000.0,18000.0,16.0,10.0,0.0,0.0,1.5673,0.2119,0.8929,0.8902,0.2031,0.4049,0.8562,5.1256,3.3219,6.5452,0.5049,6.57932,11.9634,5.0,45.722
8.0,9000.0,18000.0,16.0,10.0,0.0,0.0,1.5673,0.2119,0.8929,0.8902,0.2031,0.4049,0.8562,5.1256,3.3219,6.5452,0.5049,6.57932,11.9634,6.0,50.653
8.0,9000.0,18000.0,16.0,10.0,0.0,0.0,1.5673,0.2119,0.8929,0.8902,0.2031,0.4049,0.8562,5.1256,3.3219,6.5452,0.5049,6.57932,11.9634,7.0,77.548
8.0,9000.0,18000.0,16.0,10.0,0.0,0.0,1.5673,0.2119,0.8929,0.8902,0.2031,0.4049,0.8562,5.1256,3.3219,6.5452,0.5049,6.57932,11.9634,8.0,8.069
8.0,9000.0,18000.0,16.0,10.0,0.0,0.0,1.5673,0.2119,0.8929,0.8902,0.2031,0.4049,0.8562,5.1256,3.3219,6.5452,0.5049,6.57932,11.9634,9.0,55.135
8.0,9000.0,18000.0,16.0,10.0,0.0,0.0,1.5673,0.2119,0.8929,0.8902,0.2031,0.4049,0.8562,5.1256,3.3219,6.5452,0.5049,6.57932,11.9634,10.0,38.998
8.0,9000.0,18000.0,16.0,10.0,0.0,0.0,1.5673,0.2119,0.8929,0.8902,0.2031,0.4049,0.8562,5.1256,3.3219,6.5452,0.5049,6.57932,11.9634,11.0,382.362
8.0,9000.0,18000.0,16.0,10.0,0.0,0.0,1.5673,0.2119,0.8929,0.8902,0.2031,0.4049,0.8562,5.1256,3.3219,6.5452,0.5049,6.57932,11.9634,12.0,11.206
8.0,9000.0,18000.0,16.0,10.0,0.0,0.0,1.5673,0.2119,0.8929,0.8902,0.2031,0.4049,0.8562,5.1256,3.3219,6.5452,0.5049,6.57932,11.9634,13.0,30.033
8.0,9000.0,18000.0,16.0,10.0,0.0,0.0,1.5673,0.2119,0.8929,0.8902,0.2031,0.4049,0.8562,5.1256,3.3219,6.5452,0.5049,6.57932,11.9634,14.0,78.445
8.0,9000.0,18000.0,16.0,10.0,0.0,0.0,1.5673,0.2119,0.8929,0.8902,0.2031,0.4049,0.8562,5.1256,3.3219,6.5452,0.5049,6.57932,11.9634,15.0,47.963
8.0,9000.0,18000.0,16.0,10.0,0.0,0.0,1.5673,0.2119,0.8929,0.8902,0.2031,0.4049,0.8562,5.1256,3.3219,6.5452,0.5049,6.57932,11.9634,16.0,0.0
8.0,9000.0,18000.0,16.0,10.0,0.0,0.0,1.5673,0.2119,0.8929,0.8902,0.2031,0.4049,0.8562,5.1256,3.3219,6.5452,0.5049,6.57932,11.9634,17.0,12.551
8.0,9000.0,18000.0,16.0,10.0,0.0,0.0,1.5673,0.2119,0.8929,0.8902,0.2031,0.4049,0.8562,5.1256,3.3219,6.5452,0.5049,6.57932,11.9634,18.0,6.276
8.0,9000.0,18000.0,16.0,10.0,0.0,0.0,1.5673,0.2119,0.8929,0.8902,0.2031,0.4049,0.8562,5.1256,3.3219,6.5452,0.5049,6.57932,11.9634,19.0,17.482
8.0,9000.0,18000.0,16.0,10.0,0.0,0.0,1.5673,0.2119,0.8929,0.8902,0.2031,0.4049,0.8562,5.1256,3.3219,6.5452,0.5049,6.57932,11.9634,20.0,46.17
8.0,9000.0,18000.0,16.0,10.0,0.0,0.0,1.5673,0.2119,0.8929,0.8902,0.2031,0.4049,0.8562,5.1256,3.3219,6.5452,0.5049,6.57932,11.9634,21.0,3.138
8.0,9000.0,18000.0,16.0,10.0,0.0,0.0,1.5673,0.2119,0.8929,0.8902,0.2031,0.4049,0.8562,5.1256,3.3219,6.5452,0.5049,6.57932,11.9634,22.0,16.137
8.0,9000.0,18000.0,16.0,10.0,0.0,0.0,1.5673,0.2119,0.8929,0.8902,0.2031,0.4049,0.8562,5.1256,3.3219,6.5452,0.5049,6.57932,11.9634,23.0,25.551
9.0,570.0,570.0,45.0,3.0,43.0,0.0,1.191,0.751,0.8842,0.3002,0.8966,1.0,1.8972,0.9866,1.5749,0.8717,0.0366,43.0301,22.8169,0.0,0.0
9.0,570.0,570.0,45.0,3.0,43.0,0.0,1.191,0.751,0.8842,0.3002,0.8966,1.0,1.8972,0.9866,1.5749,0.8717,0.0366,43.0301,22.8169,1.0,10.391
9.0,570.0,570.0,45.0,3.0,43.0,0.0,1.191,0.751,0.8842,0.3002,0.8966,1.0,1.8972,0.9866,1.5749,0.8717,0.0366,43.0301,22.8169,2.0,3.401
9.0,570.0,570.0,45.0,3.0,43.0,0.0,1.191,0.751,0.8842,0.3002,0.8966,1.0,1.8972,0.9866,1.5749,0.8717,0.0366,43.0301,22.8169,3.0,6.298
9.0,570.0,570.0,45.0,3.0,43.0,0.0,1.191,0.751,0.8842,0.3002,0.8966,1.0,1.8972,0.9866,1.5749,0.8717,0.0366,43.0301,22.8169,4.0,6.864
9.0,570.0,570.0,45.0,3.0,43.0,0.0,1.191,0.751,0.8842,0.3002,0.8966,1.0,1.8972,0.9866,1.5749,0.8717,0.0366,43.0301,22.8169,5.0,8.25
9.0,570.0,570.0,45.0,3.0,43.0,0.0,1.191,0.751,0.8842,0.3002,0.8966,1.0,1.8972,0.9866,1.5749,0.8717,0.0366,43.0301,22.8169,6.0,9.068
9.0,570.0,570.0,45.0,3.0,43.0,0.0,1.191,0.751,0.8842,0.3002,0.8966,1.0,1.8972,0.9866,1.5749,0.8717,0.0366,43.0301,22.8169,7.0,7.746
9.0,570.0,570.0,45.0,3.0,43.0,0.0,1.191,0.751,0.8842,0.3002,0.8966,1.0,1.8972,0.9866,1.5749,0.8717,0.0366,43.0301,22.8169,8.0,52.018
9.0,570.0,570.0,45.0,3.0,43.0,0.0,1.191,0.751,0.8842,0.3002,0.8966,1.0,1.8972,0.9866,1.5749,0.8717,0.0366,43.0301,22.8169,9.0,9.068
9.0,570.0,570.0,45.0,3.0,43.0,0.0,1.191,0.751,0.8842,0.3002,0.8966,1.0,1.8972,0.9866,1.5749,0.8717,0.0366,43.0301,22.8169,10.0,11.336
9.0,570.0,570.0,45.0,3.0,43.0,0.0,1.191,0.751,0.8842,0.3002,0.8966,1.0,1.8972,0.9866,1.5749,0.8717,0.0366,43.0301,22.8169,11.0,27.457
9.0,570.0,570.0,45.0,3.0,43.0,0.0,1.191,0.751,0.8842,0.3002,0.8966,1.0,1.8972,0.9866,1.5749,0.8717,0.0366,43.0301,22.8169,12.0,1.071
9.0,570.0,570.0,45.0,3.0,43.0,0.0,1.191,0.751,0.8842,0.3002,0.8966,1.0,1.8972,0.9866,1.5749,0.8717,0.0366,43.0301,22.8169,13.0,1.889
9.0,570.0,570.0,45.0,3.0,43.0,0.0,1.191,0.751,0.8842,0.3002,0.8966,1.0,1.8972,0.9866,1.5749,0.8717,0.0366,43.0301,22.8169,14.0,9.824
9.0,570.0,570.0,45.0,3.0,43.0,0.0,1.191,0.751,0.8842,0.3002,0.8966,1.0,1.8972,0.9866,1.5749,0.8717,0.0366,43.0301,22.8169,15.0,10.139
9.0,570.0,570.0,45.0,3.0,43.0,0.0,1.191,0.751,0.8842,0.3002,0.8966,1.0,1.8972,0.9866,1.5749,0.8717,0.0366,43.0301,22.8169,16.0,12.658
9.0,570.0,570.0,45.0,3.0,43.0,0.0,1.191,0.751,0.8842,0.3002,0.8966,1.0,1.8972,0.9866,1.5749,0.8717,0.0366,43.0301,22.8169,17.0,18.767
9.0,570.0,570.0,45.0,3.0,43.0,0.0,1.191,0.751,0.8842,0.3002,0.8966,1.0,1.8972,0.9866,1.5749,0.8717,0.0366,43.0301,22.8169,18.0,17.003
9.0,570.0,570.0,45.0,3.0,43.0,0.0,1.191,0.751,0.8842,0.3002,0.8966,1.0,1.8972,0.9866,1.5749,0.8717,0.0366,43.0301,22.8169,19.0,2.96
9.0,570.0,570.0,45.0,3.0,43.0,0.0,1.191,0.751,0.8842,0.3002,0.8966,1.0,1.8972,0.9866,1.5749,0.8717,0.0366,43.0301,22.8169,20.0,8.187
9.0,570.0,570.0,45.0,3.0,43.0,0.0,1.191,0.751,0.8842,0.3002,0.8966,1.0,1.8972,0.9866,1.5749,0.8717,0.0366,43.0301,22.8169,21.0,7.494
9.0,570.0,570.0,45.0,3.0,43.0,0.0,1.191,0.751,0.8842,0.3002,0.8966,1.0,1.8972,0.9866,1.5749,0.8717,0.0366,43.0301,22.8169,22.0,9.194
9.0,570.0,570.0,45.0,3.0,43.0,0.0,1.191,0.751,0.8842,0.3002,0.8966,1.0,1.8972,0.9866,1.5749,0.8717,0.0366,43.0301,22.8169,23.0,10.391
10.0,1000.0,1000.0,24.0,2.0,9.0,1.0,1.0369,0.0848,0.5044,NaN,1.0,NaN,1.6986,7.7943,0.8813,1.5031,0.0187,47.1283,79.3797,0.0,10.489
10.0,1000.0,1000.0,24.0,2.0,9.0,1.0,1.0369,0.0848,0.5044,NaN,1.0,NaN,1.6986,7.7943,0.8813,1.5031,0.0187,47.1283,79.3797,1.0,1.498
10.0,1000.0,1000.0,24.0,2.0,9.0,1.0,1.0369,0.0848,0.5044,NaN,1.0,NaN,1.6986,7.7943,0.8813,1.5031,0.0187,47.1283,79.3797,2.0,7.248
10.0,1000.0,1000.0,24.0,2.0,9.0,1.0,1.0369,0.0848,0.5044,NaN,1.0,NaN,1.6986,7.7943,0.8813,1.5031,0.0187,47.1283,79.3797,3.0,5.138
10.0,1000.0,1000.0,24.0,2.0,9.0,1.0,1.0369,0.0848,0.5044,NaN,1.0,NaN,1.6986,7.7943,0.8813,1.5031,0.0187,47.1283,79.3797,4.0,7.431
10.0,1000.0,1000.0,24.0,2.0,9.0,1.0,1.0369,0.0848,0.5044,NaN,1.0,NaN,1.6986,7.7943,0.8813,1.5031,0.0187,47.1283,79.3797,5.0,13.761
10.0,1000.0,1000.0,24.0,2.0,9.0,1.0,1.0369,0.0848,0.5044,NaN,1.0,NaN,1.6986,7.7943,0.8813,1.5031,0.0187,47.1283,79.3797,6.0,2.385
10.0,1000.0,1000.0,24.0,2.0,9.0,1.0,1.0369,0.0848,0.5044,NaN,1.0,NaN,1.6986,7.7943,0.8813,1.5031,0.0187,47.1283,79.3797,7.0,2.08
10.0,1000.0,1000.0,24.0,2.0,9.0,1.0,1.0369,0.0848,0.5044,NaN,1.0,NaN,1.6986,7.7943,0.8813,1.5031,0.0187,47.1283,79.3797,8.0,3041.74
10.0,1000.0,1000.0,24.0,2.0,9.0,1.0,1.0369,0.0848,0.5044,NaN,1.0,NaN,1.6986,7.7943,0.8813,1.5031,0.0187,47.1283,79.3797,9.0,1.468
10.0,1000.0,1000.0,24.0,2.0,9.0,1.0,1.0369,0.0848,0.5044,NaN,1.0,NaN,1.6986,7.7943,0.8813,1.5031,0.0187,47.1283,79.3797,10.0,9.817
10.0,1000.0,1000.0,24.0,2.0,9.0,1.0,1.0369,0.0848,0.5044,NaN,1.0,NaN,1.6986,7.7943,0.8813,1.5031,0.0187,47.1283,79.3797,11.0,5.046
10.0,1000.0,1000.0,24.0,2.0,9.0,1.0,1.0369,0.0848,0.5044,NaN,1.0,NaN,1.6986,7.7943,0.8813,1.5031,0.0187,47.1283,79.3797,12.0,1.957
10.0,1000.0,1000.0,24.0,2.0,9.0,1.0,1.0369,0.0848,0.5044,NaN,1.0,NaN,1.6986,7.7943,0.8813,1.5031,0.0187,47.1283,79.3797,13.0,0.0
10.0,1000.0,1000.0,24.0,2.0,9.0,1.0,1.0369,0.0848,0.5044,NaN,1.0,NaN,1.6986,7.7943,0.8813,1.5031,0.0187,47.1283,79.3797,14.0,10.52
10.0,1000.0,1000.0,24.0,2.0,9.0,1.0,1.0369,0.0848,0.5044,NaN,1.0,NaN,1.6986,7.7943,0.8813,1.5031,0.0187,47.1283,79.3797,15.0,6.911
10.0,1000.0,1000.0,24.0,2.0,9.0,1.0,1.0369,0.0848,0.5044,NaN,1.0,NaN,1.6986,7.7943,0.8813,1.5031,0.0187,47.1283,79.3797,16.0,4.862
10.0,1000.0,1000.0,24.0,2.0,9.0,1.0,1.0369,0.0848,0.5044,NaN,1.0,NaN,1.6986,7.7943,0.8813,1.5031,0.0187,47.1283,79.3797,17.0,19.113
10.0,1000.0,1000.0,24.0,2.0,9.0,1.0,1.0369,0.0848,0.5044,NaN,1.0,NaN,1.6986,7.7943,0.8813,1.5031,0.0187,47.1283,79.3797,18.0,13.089
10.0,1000.0,1000.0,24.0,2.0,9.0,1.0,1.0369,0.0848,0.5044,NaN,1.0,NaN,1.6986,7.7943,0.8813,1.5031,0.0187,47.1283,79.3797,19.0,0.092
10.0,1000.0,1000.0,24.0,2.0,9.0,1.0,1.0369,0.0848,0.5044,NaN,1.0,NaN,1.6986,7.7943,0.8813,1.5031,0.0187,47.1283,79.3797,20.0,11.927
10.0,1000.0,1000.0,24.0,2.0,9.0,1.0,1.0369,0.0848,0.5044,NaN,1.0,NaN,1.6986,7.7943,0.8813,1.5031,0.0187,47.1283,79.3797,21.0,2.569
10.0,1000.0,1000.0,24.0,2.0,9.0,1.0,1.0369,0.0848,0.5044,NaN,1.0,NaN,1.6986,7.7943,0.8813,1.5031,0.0187,47.1283,79.3797,22.0,13.333
10.0,1000.0,1000.0,24.0,2.0,9.0,1.0,1.0369,0.0848,0.5044,NaN,1.0,NaN,1.6986,7.7943,0.8813,1.5031,0.0187,47.1283,79.3797,23.0,2.018
11.0,900.0,900.0,6.0,3.0,1.0,1.0,1.1231,0.1217,0.7176,0.1057,0.9787,1.0,1.0071,5.0408,1.3574,1.9786,0.1929,7.03681,9.25713,0.0,28.78
11.0,900.0,900.0,6.0,3.0,1.0,1.0,1.1231,0.1217,0.7176,0.1057,0.9787,1.0,1.0071,5.0408,1.3574,1.9786,0.1929,7.03681,9.25713,1.0,10.311
11.0,900.0,900.0,6.0,3.0,1.0,1.0,1.1231,0.1217,0.7176,0.1057,0.9787,1.0,1.0071,5.0408,1.3574,1.9786,0.1929,7.03681,9.25713,2.0,2.641
11.0,900.0,900.0,6.0,3.0,1.0,1.0,1.1231,0.1217,0.7176,0.1057,0.9787,1.0,1.0071,5.0408,1.3574,1.9786,0.1929,7.03681,9.25713,3.0,4.43
11.0,900.0,900.0,6.0,3.0,1.0,1.0,1.1231,0.1217,0.7176,0.1057,0.9787,1.0,1.0071,5.0408,1.3574,1.9786,0.1929,7.03681,9.25713,4.0,3.499
11.0,900.0,900.0,6.0,3.0,1.0,1.0,1.1231,0.1217,0.7176,0.1057,0.9787,1.0,1.0071,5.0408,1.3574,1.9786,0.1929,7.03681,9.25713,5.0,47.811
11.0,900.0,900.0,6.0,3.0,1.0,1.0,1.1231,0.1217,0.7176,0.1057,0.9787,1.0,1.0071,5.0408,1.3574,1.9786,0.1929,7.03681,9.25713,6.0,1.79
11.0,900.0,900.0,6.0,3.0,1.0,1.0,1.1231,0.1217,0.7176,0.1057,0.9787,1.0,1.0071,5.0408,1.3574,1.9786,0.1929,7.03681,9.25713,7.0,11.317
11.0,900.0,900.0,6.0,3.0,1.0,1.0,1.1231,0.1217,0.7176,0.1057,0.9787,1.0,1.0071,5.0408,1.3574,1.9786,0.1929,7.03681,9.25713,8.0,1.139
11.0,900.0,900.0,6.0,3.0,1.0,1.0,1.1231,0.1217,0.7176,0.1057,0.9787,1.0,1.0071,5.0408,1.3574,1.9786,0.1929,7.03681,9.25713,9.0,2.152
11.0,900.0,900.0,6.0,3.0,1.0,1.0,1.1231,0.1217,0.7176,0.1057,0.9787,1.0,1.0071,5.0408,1.3574,1.9786,0.1929,7.03681,9.25713,10.0,26.324
11.0,900.0,900.0,6.0,3.0,1.0,1.0,1.1231,0.1217,0.7176,0.1057,0.9787,1.0,1.0071,5.0408,1.3574,1.9786,0.1929,7.03681,9.25713,11.0,19.334
11.0,900.0,900.0,6.0,3.0,1.0,1.0,1.1231,0.1217,0.7176,0.1057,0.9787,1.0,1.0071,5.0408,1.3574,1.9786,0.1929,7.03681,9.25713,12.0,6.331
11.0,900.0,900.0,6.0,3.0,1.0,1.0,1.1231,0.1217,0.7176,0.1057,0.9787,1.0,1.0071,5.0408,1.3574,1.9786,0.1929,7.03681,9.25713,13.0,1.428
11.0,900.0,900.0,6.0,3.0,1.0,1.0,1.1231,0.1217,0.7176,0.1057,0.9787,1.0,1.0071,5.0408,1.3574,1.9786,0.1929,7.03681,9.25713,14.0,14.534
11.0,900.0,900.0,6.0,3.0,1.0,1.0,1.1231,0.1217,0.7176,0.1057,0.9787,1.0,1.0071,5.0408,1.3574,1.9786,0.1929,7.03681,9.25713,15.0,5.592
11.0,900.0,900.0,6.0,3.0,1.0,1.0,1.1231,0.1217,0.7176,0.1057,0.9787,1.0,1.0071,5.0408,1.3574,1.9786,0.1929,7.03681,9.25713,16.0,12.825
11.0,900.0,900.0,6.0,3.0,1.0,1.0,1.1231,0.1217,0.7176,0.1057,0.9787,1.0,1.0071,5.0408,1.3574,1.9786,0.1929,7.03681,9.25713,17.0,60.68
11.0,900.0,900.0,6.0,3.0,1.0,1.0,1.1231,0.1217,0.7176,0.1057,0.9787,1.0,1.0071,5.0408,1.3574,1.9786,0.1929,7.03681,9.25713,18.0,21.169
11.0,900.0,900.0,6.0,3.0,1.0,1.0,1.1231,0.1217,0.7176,0.1057,0.9787,1.0,1.0071,5.0408,1.3574,1.9786,0.1929,7.03681,9.25713,19.0,0.0
11.0,900.0,900.0,6.0,3.0,1.0,1.0,1.1231,0.1217,0.7176,0.1057,0.9787,1.0,1.0071,5.0408,1.3574,1.9786,0.1929,7.03681,9.25713,20.0,26.391
11.0,900.0,900.0,6.0,3.0,1.0,1.0,1.1231,0.1217,0.7176,0.1057,0.9787,1.0,1.0071,5.0408,1.3574,1.9786,0.1929,7.03681,9.25713,21.0,1.553
11.0,900.0,900.0,6.0,3.0,1.0,1.0,1.1231,0.1217,0.7176,0.1057,0.9787,1.0,1.0071,5.0408,1.3574,1.9786,0.1929,7.03681,9.25713,22.0,33.388
11.0,900.0,900.0,6.0,3.0,1.0,1.0,1.1231,0.1217,0.7176,0.1057,0.9787,1.0,1.0071,5.0408,1.3574,1.9786,0.1929,7.03681,9.25713,23.0,2.848
12.0,270.0,270.0,13.0,2.0,5.0,1.0,1.0612,0.1236,0.7384,NaN,1.0,NaN,0.956,3.6494,0.9902,1.6386,0.0876,11.3037,17.7055,0.0,5.378
12.0,270.0,270.0,13.0,2.0,5.0,1.0,1.0612,0.1236,0.7384,NaN,1.0,NaN,0.956,3.6494,0.9902,1.6386,0.0876,11.3037,17.7055,1.0,0.48
12.0,270.0,270.0,13.0,2.0,5.0,1.0,1.0612,0.1236,0.7384,NaN,1.0,NaN,0.956,3.6494,0.9902,1.6386,0.0876,11.3037,17.7055,2.0,2.907
12.0,270.0,270.0,13.0,2.0,5.0,1.0,1.0612,0.1236,0.7384,NaN,1.0,NaN,0.956,3.6494,0.9902,1.6386,0.0876,11.3037,17.7055,3.0,0.0
12.0,270.0,270.0,13.0,2.0,5.0,1.0,1.0612,0.1236,0.7384,NaN,1.0,NaN,0.956,3.6494,0.9902,1.6386,0.0876,11.3037,17.7055,4.0,2.209
12.0,270.0,270.0,13.0,2.0,5.0,1.0,1.0612,0.1236,0.7384,NaN,1.0,NaN,0.956,3.6494,0.9902,1.6386,0.0876,11.3037,17.7055,5.0,5.916
12.0,270.0,270.0,13.0,2.0,5.0,1.0,1.0612,0.1236,0.7384,NaN,1.0,NaN,0.956,3.6494,0.9902,1.6386,0.0876,11.3037,17.7055,6.0,1.134
12.0,270.0,270.0,13.0,2.0,5.0,1.0,1.0612,0.1236,0.7384,NaN,1.0,NaN,0.956,3.6494,0.9902,1.6386,0.0876,11.3037,17.7055,7.0,1.017
12.0,270.0,270.0,13.0,2.0,5.0,1.0,1.0612,0.1236,0.7384,NaN,1.0,NaN,0.956,3.6494,0.9902,1.6386,0.0876,11.3037,17.7055,8.0,1.352
12.0,270.0,270.0,13.0,2.0,5.0,1.0,1.0612,0.1236,0.7384,NaN,1.0,NaN,0.956,3.6494,0.9902,1.6386,0.0876,11.3037,17.7055,9.0,0.974
12.0,270.0,270.0,13.0,2.0,5.0,1.0,1.0612,0.1236,0.7384,NaN,1.0,NaN,0.956,3.6494,0.9902,1.6386,0.0876,11.3037,17.7055,10.0,5.712
12.0,270.0,270.0,13.0,2.0,5.0,1.0,1.0612,0.1236,0.7384,NaN,1.0,NaN,0.956,3.6494,0.9902,1.6386,0.0876,11.3037,17.7055,11.0,2.703
12.0,270.0,270.0,13.0,2.0,5.0,1.0,1.0612,0.1236,0.7384,NaN,1.0,NaN,0.956,3.6494,0.9902,1.6386,0.0876,11.3037,17.7055,12.0,1.933
12.0,270.0,270.0,13.0,2.0,5.0,1.0,1.0612,0.1236,0.7384,NaN,1.0,NaN,0.956,3.6494,0.9902,1.6386,0.0876,11.3037,17.7055,13.0,0.276
12.0,270.0,270.0,13.0,2.0,5.0,1.0,1.0612,0.1236,0.7384,NaN,1.0,NaN,0.956,3.6494,0.9902,1.6386,0.0876,11.3037,17.7055,14.0,2.049
12.0,270.0,270.0,13.0,2.0,5.0,1.0,1.0612,0.1236,0.7384,NaN,1.0,NaN,0.956,3.6494,0.9902,1.6386,0.0876,11.3037,17.7055,15.0,3.721
12.0,270.0,270.0,13.0,2.0,5.0,1.0,1.0612,0.1236,0.7384,NaN,1.0,NaN,0.956,3.6494,0.9902,1.6386,0.0876,11.3037,17.7055,16.0,1.512
12.0,270.0,270.0,13.0,2.0,5.0,1.0,1.0612,0.1236,0.7384,NaN,1.0,NaN,0.956,3.6494,0.9902,1.6386,0.0876,11.3037,17.7055,17.0,4.637
12.0,270.0,270.0,13.0,2.0,5.0,1.0,1.0612,0.1236,0.7384,NaN,1.0,NaN,0.956,3.6494,0.9902,1.6386,0.0876,11.3037,17.7055,18.0,3.285
12.0,270.0,270.0,13.0,2.0,5.0,1.0,1.0612,0.1236,0.7384,NaN,1.0,NaN,0.956,3.6494,0.9902,1.6386,0.0876,11.3037,17.7055,19.0,0.32
12.0,270.0,270.0,13.0,2.0,5.0,1.0,1.0612,0.1236,0.7384,NaN,1.0,NaN,0.956,3.6494,0.9902,1.6386,0.0876,11.3037,17.7055,20.0,6.831
12.0,270.0,270.0,13.0,2.0,5.0,1.0,1.0612,0.1236,0.7384,NaN,1.0,NaN,0.956,3.6494,0.9902,1.6386,0.0876,11.3037,17.7055,21.0,0.698
12.0,270.0,270.0,13.0,2.0,5.0,1.0,1.0612,0.1236,0.7384,NaN,1.0,NaN,0.956,3.6494,0.9902,1.6386,0.0876,11.3037,17.7055,22.0,5.916
12.0,270.0,270.0,13.0,2.0,5.0,1.0,1.0612,0.1236,0.7384,NaN,1.0,NaN,0.956,3.6494,0.9902,1.6386,0.0876,11.3037,17.7055,23.0,1.512
13.0,9000.0,18000.0,40.0,10.0,0.0,0.0,1.9657,0.1093,0.9207,0.9056,0.172,0.3385,0.1802,2.92,3.3219,5.5903,0.2029,16.3721,26.552,0.0,100.289
13.0,9000.0,18000.0,40.0,10.0,0.0,0.0,1.9657,0.1093,0.9207,0.9056,0.172,0.3385,0.1802,2.92,3.3219,5.5903,0.2029,16.3721,26.552,1.0,2.711
13.0,9000.0,18000.0,40.0,10.0,0.0,0.0,1.9657,0.1093,0.9207,0.9056,0.172,0.3385,0.1802,2.92,3.3219,5.5903,0.2029,16.3721,26.552,2.0,19.651
13.0,9000.0,18000.0,40.0,10.0,0.0,0.0,1.9657,0.1093,0.9207,0.9056,0.172,0.3385,0.1802,2.92,3.3219,5.5903,0.2029,16.3721,26.552,3.0,137.559
13.0,9000.0,18000.0,40.0,10.0,0.0,0.0,1.9657,0.1093,0.9207,0.9056,0.172,0.3385,0.1802,2.92,3.3219,5.5903,0.2029,16.3721,26.552,4.0,96.901
13.0,9000.0,18000.0,40.0,10.0,0.0,0.0,1.9657,0.1093,0.9207,0.9056,0.172,0.3385,0.1802,2.92,3.3219,5.5903,0.2029,16.3721,26.552,5.0,108.421
13.0,9000.0,18000.0,40.0,10.0,0.0,0.0,1.9657,0.1093,0.9207,0.9056,0.172,0.3385,0.1802,2.92,3.3219,5.5903,0.2029,16.3721,26.552,6.0,664.078
13.0,9000.0,18000.0,40.0,10.0,0.0,0.0,1.9657,0.1093,0.9207,0.9056,0.172,0.3385,0.1802,2.92,3.3219,5.5903,0.2029,16.3721,26.552,7.0,169.408
13.0,9000.0,18000.0,40.0,10.0,0.0,0.0,1.9657,0.1093,0.9207,0.9056,0.172,0.3385,0.1802,2.92,3.3219,5.5903,0.2029,16.3721,26.552,8.0,37.27
13.0,9000.0,18000.0,40.0,10.0,0.0,0.0,1.9657,0.1093,0.9207,0.9056,0.172,0.3385,0.1802,2.92,3.3219,5.5903,0.2029,16.3721,26.552,9.0,77.928
13.0,9000.0,18000.0,40.0,10.0,0.0,0.0,1.9657,0.1093,0.9207,0.9056,0.172,0.3385,0.1802,2.92,3.3219,5.5903,0.2029,16.3721,26.552,10.0,108.421
13.0,9000.0,18000.0,40.0,10.0,0.0,0.0,1.9657,0.1093,0.9207,0.9056,0.172,0.3385,0.1802,2.92,3.3219,5.5903,0.2029,16.3721,26.552,11.0,596.315
13.0,9000.0,18000.0,40.0,10.0,0.0,0.0,1.9657,0.1093,0.9207,0.9056,0.172,0.3385,0.1802,2.92,3.3219,5.5903,0.2029,16.3721,26.552,12.0,12.875
13.0,9000.0,18000.0,40.0,10.0,0.0,0.0,1.9657,0.1093,0.9207,0.9056,0.172,0.3385,0.1802,2.92,3.3219,5.5903,0.2029,16.3721,26.552,13.0,37.27
13.0,9000.0,18000.0,40.0,10.0,0.0,0.0,1.9657,0.1093,0.9207,0.9056,0.172,0.3385,0.1802,2.92,3.3219,5.5903,0.2029,16.3721,26.552,14.0,132.816
13.0,9000.0,18000.0,40.0,10.0,0.0,0.0,1.9657,0.1093,0.9207,0.9056,0.172,0.3385,0.1802,2.92,3.3219,5.5903,0.2029,16.3721,26.552,15.0,101.645
13.0,9000.0,18000.0,40.0,10.0,0.0,0.0,1.9657,0.1093,0.9207,0.9056,0.172,0.3385,0.1802,2.92,3.3219,5.5903,0.2029,16.3721,26.552,16.0,0.0
13.0,9000.0,18000.0,40.0,10.0,0.0,0.0,1.9657,0.1093,0.9207,0.9056,0.172,0.3385,0.1802,2.92,3.3219,5.5903,0.2029,16.3721,26.552,17.0,664.078
13.0,9000.0,18000.0,40.0,10.0,0.0,0.0,1.9657,0.1093,0.9207,0.9056,0.172,0.3385,0.1802,2.92,3.3219,5.5903,0.2029,16.3721,26.552,18.0,4.066
13.0,9000.0,18000.0,40.0,10.0,0.0,0.0,1.9657,0.1093,0.9207,0.9056,0.172,0.3385,0.1802,2.92,3.3219,5.5903,0.2029,16.3721,26.552,19.0,21.007
13.0,9000.0,18000.0,40.0,10.0,0.0,0.0,1.9657,0.1093,0.9207,0.9056,0.172,0.3385,0.1802,2.92,3.3219,5.5903,0.2029,16.3721,26.552,20.0,96.224
13.0,9000.0,18000.0,40.0,10.0,0.0,0.0,1.9657,0.1093,0.9207,0.9056,0.172,0.3385,0.1802,2.92,3.3219,5.5903,0.2029,16.3721,26.552,21.0,3.388
13.0,9000.0,18000.0,40.0,10.0,0.0,0.0,1.9657,0.1093,0.9207,0.9056,0.172,0.3385,0.1802,2.92,3.3219,5.5903,0.2029,16.3721,26.552,22.0,23.717
13.0,9000.0,18000.0,40.0,10.0,0.0,0.0,1.9657,0.1093,0.9207,0.9056,0.172,0.3385,0.1802,2.92,3.3219,5.5903,0.2029,16.3721,26.552,23.0,25.072
14.0,5000.0,20000.0,16.0,26.0,0.0,0.0,1.8795,0.2577,0.8896,0.8489,0.168,0.321,0.5698,3.5385,4.6996,3.094,0.5189,9.05685,4.96261,0.0,52.292
14.0,5000.0,20000.0,16.0,26.0,0.0,0.0,1.8795,0.2577,0.8896,0.8489,0.168,0.321,0.5698,3.5385,4.6996,3.094,0.5189,9.05685,4.96261,1.0,0.0
14.0,5000.0,20000.0,16.0,26.0,0.0,0.0,1.8795,0.2577,0.8896,0.8489,0.168,0.321,0.5698,3.5385,4.6996,3.094,0.5189,9.05685,4.96261,2.0,75.982
14.0,5000.0,20000.0,16.0,26.0,0.0,0.0,1.8795,0.2577,0.8896,0.8489,0.168,0.321,0.5698,3.5385,4.6996,3.094,0.5189,9.05685,4.96261,3.0,134.341
14.0,5000.0,20000.0,16.0,26.0,0.0,0.0,1.8795,0.2577,0.8896,0.8489,0.168,0.321,0.5698,3.5385,4.6996,3.094,0.5189,9.05685,4.96261,4.0,17.334
14.0,5000.0,20000.0,16.0,26.0,0.0,0.0,1.8795,0.2577,0.8896,0.8489,0.168,0.321,0.5698,3.5385,4.6996,3.094,0.5189,9.05685,4.96261,5.0,19.646
14.0,5000.0,20000.0,16.0,26.0,0.0,0.0,1.8795,0.2577,0.8896,0.8489,0.168,0.321,0.5698,3.5385,4.6996,3.094,0.5189,9.05685,4.96261,6.0,270.416
14.0,5000.0,20000.0,16.0,26.0,0.0,0.0,1.8795,0.2577,0.8896,0.8489,0.168,0.321,0.5698,3.5385,4.6996,3.094,0.5189,9.05685,4.96261,7.0,54.603
14.0,5000.0,20000.0,16.0,26.0,0.0,0.0,1.8795,0.2577,0.8896,0.8489,0.168,0.321,0.5698,3.5385,4.6996,3.094,0.5189,9.05685,4.96261,8.0,270.416
14.0,5000.0,20000.0,16.0,26.0,0.0,0.0,1.8795,0.2577,0.8896,0.8489,0.168,0.321,0.5698,3.5385,4.6996,3.094,0.5189,9.05685,4.96261,9.0,52.292
14.0,5000.0,20000.0,16.0,26.0,0.0,0.0,1.8795,0.2577,0.8896,0.8489,0.168,0.321,0.5698,3.5385,4.6996,3.094,0.5189,9.05685,4.96261,10.0,14.734
14.0,5000.0,20000.0,16.0,26.0,0.0,0.0,1.8795,0.2577,0.8896,0.8489,0.168,0.321,0.5698,3.5385,4.6996,3.094,0.5189,9.05685,4.96261,11.0,258.86
14.0,5000.0,20000.0,16.0,26.0,0.0,0.0,1.8795,0.2577,0.8896,0.8489,0.168,0.321,0.5698,3.5385,4.6996,3.094,0.5189,9.05685,4.96261,12.0,32.358
14.0,5000.0,20000.0,16.0,26.0,0.0,0.0,1.8795,0.2577,0.8896,0.8489,0.168,0.321,0.5698,3.5385,4.6996,3.094,0.5189,9.05685,4.96261,13.0,68.76
14.0,5000.0,20000.0,16.0,26.0,0.0,0.0,1.8795,0.2577,0.8896,0.8489,0.168,0.321,0.5698,3.5385,4.6996,3.094,0.5189,9.05685,4.96261,14.0,153.12
14.0,5000.0,20000.0,16.0,26.0,0.0,0.0,1.8795,0.2577,0.8896,0.8489,0.168,0.321,0.5698,3.5385,4.6996,3.094,0.5189,9.05685,4.96261,15.0,19.068
14.0,5000.0,20000.0,16.0,26.0,0.0,0.0,1.8795,0.2577,0.8896,0.8489,0.168,0.321,0.5698,3.5385,4.6996,3.094,0.5189,9.05685,4.96261,16.0,1.733
14.0,5000.0,20000.0,16.0,26.0,0.0,0.0,1.8795,0.2577,0.8896,0.8489,0.168,0.321,0.5698,3.5385,4.6996,3.094,0.5189,9.05685,4.96261,17.0,54.314
14.0,5000.0,20000.0,16.0,26.0,0.0,0.0,1.8795,0.2577,0.8896,0.8489,0.168,0.321,0.5698,3.5385,4.6996,3.094,0.5189,9.05685,4.96261,18.0,4.334
14.0,5000.0,20000.0,16.0,26.0,0.0,0.0,1.8795,0.2577,0.8896,0.8489,0.168,0.321,0.5698,3.5385,4.6996,3.094,0.5189,9.05685,4.96261,19.0,49.114
14.0,5000.0,20000.0,16.0,26.0,0.0,0.0,1.8795,0.2577,0.8896,0.8489,0.168,0.321,0.5698,3.5385,4.6996,3.094,0.5189,9.05685,4.96261,20.0,18.49
14.0,5000.0,20000.0,16.0,26.0,0.0,0.0,1.8795,0.2577,0.8896,0.8489,0.168,0.321,0.5698,3.5385,4.6996,3.094,0.5189,9.05685,4.96261,21.0,14.156
14.0,5000.0,20000.0,16.0,26.0,0.0,0.0,1.8795,0.2577,0.8896,0.8489,0.168,0.321,0.5698,3.5385,4.6996,3.094,0.5189,9.05685,4.96261,22.0,48.825
14.0,5000.0,20000.0,16.0,26.0,0.0,0.0,1.8795,0.2577,0.8896,0.8489,0.168,0.321,0.5698,3.5385,4.6996,3.094,0.5189,9.05685,4.96261,23.0,66.737
15.0,1000.0,3000.0,57.0,2.0,0.0,0.0,1.0638,0.1216,0.5286,NaN,1.0,NaN,1.118,6.7738,0.3879,3.83,0.0421,9.21378,89.9739,0.0,1.675
15.0,1000.0,3000.0,57.0,2.0,0.0,0.0,1.0638,0.1216,0.5286,NaN,1.0,NaN,1.118,6.7738,0.3879,3.83,0.0421,9.21378,89.9739,1.0,8.933
15.0,1000.0,3000.0,57.0,2.0,0.0,0.0,1.0638,0.1216,0.5286,NaN,1.0,NaN,1.118,6.7738,0.3879,3.83,0.0421,9.21378,89.9739,2.0,2.513
15.0,1000.0,3000.0,57.0,2.0,0.0,0.0,1.0638,0.1216,0.5286,NaN,1.0,NaN,1.118,6.7738,0.3879,3.83,0.0421,9.21378,89.9739,3.0,21.217
15.0,1000.0,3000.0,57.0,2.0,0.0,0.0,1.0638,0.1216,0.5286,NaN,1.0,NaN,1.118,6.7738,0.3879,3.83,0.0421,9.21378,89.9739,4.0,0.279
15.0,1000.0,3000.0,57.0,2.0,0.0,0.0,1.0638,0.1216,0.5286,NaN,1.0,NaN,1.118,6.7738,0.3879,3.83,0.0421,9.21378,89.9739,5.0,1.396
15.0,1000.0,3000.0,57.0,2.0,0.0,0.0,1.0638,0.1216,0.5286,NaN,1.0,NaN,1.118,6.7738,0.3879,3.83,0.0421,9.21378,89.9739,6.0,2.513
15.0,1000.0,3000.0,57.0,2.0,0.0,0.0,1.0638,0.1216,0.5286,NaN,1.0,NaN,1.118,6.7738,0.3879,3.83,0.0421,9.21378,89.9739,7.0,3.629
15.0,1000.0,3000.0,57.0,2.0,0.0,0.0,1.0638,0.1216,0.5286,NaN,1.0,NaN,1.118,6.7738,0.3879,3.83,0.0421,9.21378,89.9739,8.0,275.541
15.0,1000.0,3000.0,57.0,2.0,0.0,0.0,1.0638,0.1216,0.5286,NaN,1.0,NaN,1.118,6.7738,0.3879,3.83,0.0421,9.21378,89.9739,9.0,14.238
15.0,1000.0,3000.0,57.0,2.0,0.0,0.0,1.0638,0.1216,0.5286,NaN,1.0,NaN,1.118,6.7738,0.3879,3.83,0.0421,9.21378,89.9739,10.0,3.35
15.0,1000.0,3000.0,57.0,2.0,0.0,0.0,1.0638,0.1216,0.5286,NaN,1.0,NaN,1.118,6.7738,0.3879,3.83,0.0421,9.21378,89.9739,11.0,17.029
15.0,1000.0,3000.0,57.0,2.0,0.0,0.0,1.0638,0.1216,0.5286,NaN,1.0,NaN,1.118,6.7738,0.3879,3.83,0.0421,9.21378,89.9739,12.0,3.629
15.0,1000.0,3000.0,57.0,2.0,0.0,0.0,1.0638,0.1216,0.5286,NaN,1.0,NaN,1.118,6.7738,0.3879,3.83,0.0421,9.21378,89.9739,13.0,7.817
15.0,1000.0,3000.0,57.0,2.0,0.0,0.0,1.0638,0.1216,0.5286,NaN,1.0,NaN,1.118,6.7738,0.3879,3.83,0.0421,9.21378,89.9739,14.0,18.984
15.0,1000.0,3000.0,57.0,2.0,0.0,0.0,1.0638,0.1216,0.5286,NaN,1.0,NaN,1.118,6.7738,0.3879,3.83,0.0421,9.21378,89.9739,15.0,0.279
15.0,1000.0,3000.0,57.0,2.0,0.0,0.0,1.0638,0.1216,0.5286,NaN,1.0,NaN,1.118,6.7738,0.3879,3.83,0.0421,9.21378,89.9739,16.0,10.888
15.0,1000.0,3000.0,57.0,2.0,0.0,0.0,1.0638,0.1216,0.5286,NaN,1.0,NaN,1.118,6.7738,0.3879,3.83,0.0421,9.21378,89.9739,17.0,19.821
15.0,1000.0,3000.0,57.0,2.0,0.0,0.0,1.0638,0.1216,0.5286,NaN,1.0,NaN,1.118,6.7738,0.3879,3.83,0.0421,9.21378,89.9739,18.0,14.517
15.0,1000.0,3000.0,57.0,2.0,0.0,0.0,1.0638,0.1216,0.5286,NaN,1.0,NaN,1.118,6.7738,0.3879,3.83,0.0421,9.21378,89.9739,19.0,4.188
15.0,1000.0,3000.0,57.0,2.0,0.0,0.0,1.0638,0.1216,0.5286,NaN,1.0,NaN,1.118,6.7738,0.3879,3.83,0.0421,9.21378,89.9739,20.0,1.117
15.0,1000.0,3000.0,57.0,2.0,0.0,0.0,1.0638,0.1216,0.5286,NaN,1.0,NaN,1.118,6.7738,0.3879,3.83,0.0421,9.21378,89.9739,21.0,6.142
15.0,1000.0,3000.0,57.0,2.0,0.0,0.0,1.0638,0.1216,0.5286,NaN,1.0,NaN,1.118,6.7738,0.3879,3.83,0.0421,9.21378,89.9739,22.0,6.142
15.0,1000.0,3000.0,57.0,2.0,0.0,0.0,1.0638,0.1216,0.5286,NaN,1.0,NaN,1.118,6.7738,0.3879,3.83,0.0421,9.21378,89.9739,23.0,0.0
16.0,2000.0,6435.0,36.0,6.0,0.0,0.0,1.297,0.5977,0.9366,0.9332,0.3586,0.7146,0.7316,4.1737,2.4734,5.5759,0.9443,2.61929,4.9048,0.0,9.654
16.0,2000.0,6435.0,36.0,6.0,0.0,0.0,1.297,0.5977,0.9366,0.9332,0.3586,0.7146,0.7316,4.1737,2.4734,5.5759,0.9443,2.61929,4.9048,1.0,5.823
16.0,2000.0,6435.0,36.0,6.0,0.0,0.0,1.297,0.5977,0.9366,0.9332,0.3586,0.7146,0.7316,4.1737,2.4734,5.5759,0.9443,2.61929,4.9048,2.0,6.896
16.0,2000.0,6435.0,36.0,6.0,0.0,0.0,1.297,0.5977,0.9366,0.9332,0.3586,0.7146,0.7316,4.1737,2.4734,5.5759,0.9443,2.61929,4.9048,3.0,29.576
16.0,2000.0,6435.0,36.0,6.0,0.0,0.0,1.297,0.5977,0.9366,0.9332,0.3586,0.7146,0.7316,4.1737,2.4734,5.5759,0.9443,2.61929,4.9048,4.0,8.122
16.0,2000.0,6435.0,36.0,6.0,0.0,0.0,1.297,0.5977,0.9366,0.9332,0.3586,0.7146,0.7316,4.1737,2.4734,5.5759,0.9443,2.61929,4.9048,5.0,8.582
16.0,2000.0,6435.0,36.0,6.0,0.0,0.0,1.297,0.5977,0.9366,0.9332,0.3586,0.7146,0.7316,4.1737,2.4734,5.5759,0.9443,2.61929,4.9048,6.0,6.743
16.0,2000.0,6435.0,36.0,6.0,0.0,0.0,1.297,0.5977,0.9366,0.9332,0.3586,0.7146,0.7316,4.1737,2.4734,5.5759,0.9443,2.61929,4.9048,7.0,8.735
16.0,2000.0,6435.0,36.0,6.0,0.0,0.0,1.297,0.5977,0.9366,0.9332,0.3586,0.7146,0.7316,4.1737,2.4734,5.5759,0.9443,2.61929,4.9048,8.0,10.574
16.0,2000.0,6435.0,36.0,6.0,0.0,0.0,1.297,0.5977,0.9366,0.9332,0.3586,0.7146,0.7316,4.1737,2.4734,5.5759,0.9443,2.61929,4.9048,9.0,15.325
16.0,2000.0,6435.0,36.0,6.0,0.0,0.0,1.297,0.5977,0.9366,0.9332,0.3586,0.7146,0.7316,4.1737,2.4734,5.5759,0.9443,2.61929,4.9048,10.0,8.582
16.0,2000.0,6435.0,36.0,6.0,0.0,0.0,1.297,0.5977,0.9366,0.9332,0.3586,0.7146,0.7316,4.1737,2.4734,5.5759,0.9443,2.61929,4.9048,11.0,102.061
16.0,2000.0,6435.0,36.0,6.0,0.0,0.0,1.297,0.5977,0.9366,0.9332,0.3586,0.7146,0.7316,4.1737,2.4734,5.5759,0.9443,2.61929,4.9048,12.0,2.605
16.0,2000.0,6435.0,36.0,6.0,0.0,0.0,1.297,0.5977,0.9366,0.9332,0.3586,0.7146,0.7316,4.1737,2.4734,5.5759,0.9443,2.61929,4.9048,13.0,11.8
16.0,2000.0,6435.0,36.0,6.0,0.0,0.0,1.297,0.5977,0.9366,0.9332,0.3586,0.7146,0.7316,4.1737,2.4734,5.5759,0.9443,2.61929,4.9048,14.0,138.84
16.0,2000.0,6435.0,36.0,6.0,0.0,0.0,1.297,0.5977,0.9366,0.9332,0.3586,0.7146,0.7316,4.1737,2.4734,5.5759,0.9443,2.61929,4.9048,15.0,6.743
16.0,2000.0,6435.0,36.0,6.0,0.0,0.0,1.297,0.5977,0.9366,0.9332,0.3586,0.7146,0.7316,4.1737,2.4734,5.5759,0.9443,2.61929,4.9048,16.0,0.0
16.0,2000.0,6435.0,36.0,6.0,0.0,0.0,1.297,0.5977,0.9366,0.9332,0.3586,0.7146,0.7316,4.1737,2.4734,5.5759,0.9443,2.61929,4.9048,17.0,13.026
16.0,2000.0,6435.0,36.0,6.0,0.0,0.0,1.297,0.5977,0.9366,0.9332,0.3586,0.7146,0.7316,4.1737,2.4734,5.5759,0.9443,2.61929,4.9048,18.0,1.686
16.0,2000.0,6435.0,36.0,6.0,0.0,0.0,1.297,0.5977,0.9366,0.9332,0.3586,0.7146,0.7316,4.1737,2.4734,5.5759,0.9443,2.61929,4.9048,19.0,10.574
16.0,2000.0,6435.0,36.0,6.0,0.0,0.0,1.297,0.5977,0.9366,0.9332,0.3586,0.7146,0.7316,4.1737,2.4734,5.5759,0.9443,2.61929,4.9048,20.0,8.582
16.0,2000.0,6435.0,36.0,6.0,0.0,0.0,1.297,0.5977,0.9366,0.9332,0.3586,0.7146,0.7316,4.1737,2.4734,5.5759,0.9443,2.61929,4.9048,21.0,9.348
16.0,2000.0,6435.0,36.0,6.0,0.0,0.0,1.297,0.5977,0.9366,0.9332,0.3586,0.7146,0.7316,4.1737,2.4734,5.5759,0.9443,2.61929,4.9048,22.0,4.138
16.0,2000.0,6435.0,36.0,6.0,0.0,0.0,1.297,0.5977,0.9366,0.9332,0.3586,0.7146,0.7316,4.1737,2.4734,5.5759,0.9443,2.61929,4.9048,23.0,9.961
17.0,2310.0,2310.0,11.0,7.0,0.0,0.0,4.0014,0.1425,0.976,0.9623,0.3098,0.611,2.958,24.4813,2.8072,3.0787,0.6672,4.20743,3.61436,0.0,0.282
17.0,2310.0,2310.0,11.0,7.0,0.0,0.0,4.0014,0.1425,0.976,0.9623,0.3098,0.611,2.958,24.4813,2.8072,3.0787,0.6672,4.20743,3.61436,1.0,0.0
17.0,2310.0,2310.0,11.0,7.0,0.0,0.0,4.0014,0.1425,0.976,0.9623,0.3098,0.611,2.958,24.4813,2.8072,3.0787,0.6672,4.20743,3.61436,2.0,6.762
17.0,2310.0,2310.0,11.0,7.0,0.0,0.0,4.0014,0.1425,0.976,0.9623,0.3098,0.611,2.958,24.4813,2.8072,3.0787,0.6672,4.20743,3.61436,3.0,66.211
17.0,2310.0,2310.0,11.0,7.0,0.0,0.0,4.0014,0.1425,0.976,0.9623,0.3098,0.611,2.958,24.4813,2.8072,3.0787,0.6672,4.20743,3.61436,4.0,0.845
17.0,2310.0,2310.0,11.0,7.0,0.0,0.0,4.0014,0.1425,0.976,0.9623,0.3098,0.611,2.958,24.4813,2.8072,3.0787,0.6672,4.20743,3.61436,5.0,2.817
17.0,2310.0,2310.0,11.0,7.0,0.0,0.0,4.0014,0.1425,0.976,0.9623,0.3098,0.611,2.958,24.4813,2.8072,3.0787,0.6672,4.20743,3.61436,6.0,2.817
17.0,2310.0,2310.0,11.0,7.0,0.0,0.0,4.0014,0.1425,0.976,0.9623,0.3098,0.611,2.958,24.4813,2.8072,3.0787,0.6672,4.20743,3.61436,7.0,9.016
17.0,2310.0,2310.0,11.0,7.0,0.0,0.0,4.0014,0.1425,0.976,0.9623,0.3098,0.611,2.958,24.4813,2.8072,3.0787,0.6672,4.20743,3.61436,8.0,273.295
17.0,2310.0,2310.0,11.0,7.0,0.0,0.0,4.0014,0.1425,0.976,0.9623,0.3098,0.611,2.958,24.4813,2.8072,3.0787,0.6672,4.20743,3.61436,9.0,23.103
17.0,2310.0,2310.0,11.0,7.0,0.0,0.0,4.0014,0.1425,0.976,0.9623,0.3098,0.611,2.958,24.4813,2.8072,3.0787,0.6672,4.20743,3.61436,10.0,3.663
17.0,2310.0,2310.0,11.0,7.0,0.0,0.0,4.0014,0.1425,0.976,0.9623,0.3098,0.611,2.958,24.4813,2.8072,3.0787,0.6672,4.20743,3.61436,11.0,245.12
17.0,2310.0,2310.0,11.0,7.0,0.0,0.0,4.0014,0.1425,0.976,0.9623,0.3098,0.611,2.958,24.4813,2.8072,3.0787,0.6672,4.20743,3.61436,12.0,0.282
17.0,2310.0,2310.0,11.0,7.0,0.0,0.0,4.0014,0.1425,0.976,0.9623,0.3098,0.611,2.958,24.4813,2.8072,3.0787,0.6672,4.20743,3.61436,13.0,24.23
17.0,2310.0,2310.0,11.0,7.0,0.0,0.0,4.0014,0.1425,0.976,0.9623,0.3098,0.611,2.958,24.4813,2.8072,3.0787,0.6672,4.20743,3.61436,14.0,119.743
17.0,2310.0,2310.0,11.0,7.0,0.0,0.0,4.0014,0.1425,0.976,0.9623,0.3098,0.611,2.958,24.4813,2.8072,3.0787,0.6672,4.20743,3.61436,15.0,4.226
17.0,2310.0,2310.0,11.0,7.0,0.0,0.0,4.0014,0.1425,0.976,0.9623,0.3098,0.611,2.958,24.4813,2.8072,3.0787,0.6672,4.20743,3.61436,16.0,13.242
17.0,2310.0,2310.0,11.0,7.0,0.0,0.0,4.0014,0.1425,0.976,0.9623,0.3098,0.611,2.958,24.4813,2.8072,3.0787,0.6672,4.20743,3.61436,17.0,10.425
17.0,2310.0,2310.0,11.0,7.0,0.0,0.0,4.0014,0.1425,0.976,0.9623,0.3098,0.611,2.958,24.4813,2.8072,3.0787,0.6672,4.20743,3.61436,18.0,4.508
17.0,2310.0,2310.0,11.0,7.0,0.0,0.0,4.0014,0.1425,0.976,0.9623,0.3098,0.611,2.958,24.4813,2.8072,3.0787,0.6672,4.20743,3.61436,19.0,22.258
17.0,2310.0,2310.0,11.0,7.0,0.0,0.0,4.0014,0.1425,0.976,0.9623,0.3098,0.611,2.958,24.4813,2.8072,3.0787,0.6672,4.20743,3.61436,20.0,1.127
17.0,2310.0,2310.0,11.0,7.0,0.0,0.0,4.0014,0.1425,0.976,0.9623,0.3098,0.611,2.958,24.4813,2.8072,3.0787,0.6672,4.20743,3.61436,21.0,35.782
17.0,2310.0,2310.0,11.0,7.0,0.0,0.0,4.0014,0.1425,0.976,0.9623,0.3098,0.611,2.958,24.4813,2.8072,3.0787,0.6672,4.20743,3.61436,22.0,10.988
17.0,2310.0,2310.0,11.0,7.0,0.0,0.0,4.0014,0.1425,0.976,0.9623,0.3098,0.611,2.958,24.4813,2.8072,3.0787,0.6672,4.20743,3.61436,23.0,6.198
18.0,14500.0,58000.0,9.0,7.0,0.0,0.0,1.6067,0.3558,0.9668,0.6968,0.6252,0.9499,4.4371,160.311,0.9653,3.4271,0.3348,2.88321,9.23626,0.0,37.331
18.0,14500.0,58000.0,9.0,7.0,0.0,0.0,1.6067,0.3558,0.9668,0.6968,0.6252,0.9499,4.4371,160.311,0.9653,3.4271,0.3348,2.88321,9.23626,1.0,98.746
18.0,14500.0,58000.0,9.0,7.0,0.0,0.0,1.6067,0.3558,0.9668,0.6968,0.6252,0.9499,4.4371,160.311,0.9653,3.4271,0.3348,2.88321,9.23626,2.0,50.577
18.0,14500.0,58000.0,9.0,7.0,0.0,0.0,1.6067,0.3558,0.9668,0.6968,0.6252,0.9499,4.4371,160.311,0.9653,3.4271,0.3348,2.88321,9.23626,3.0,540.695
18.0,14500.0,58000.0,9.0,7.0,0.0,0.0,1.6067,0.3558,0.9668,0.6968,0.6252,0.9499,4.4371,160.311,0.9653,3.4271,0.3348,2.88321,9.23626,4.0,1.204
18.0,14500.0,58000.0,9.0,7.0,0.0,0.0,1.6067,0.3558,0.9668,0.6968,0.6252,0.9499,4.4371,160.311,0.9653,3.4271,0.3348,2.88321,9.23626,5.0,10.838
18.0,14500.0,58000.0,9.0,7.0,0.0,0.0,1.6067,0.3558,0.9668,0.6968,0.6252,0.9499,4.4371,160.311,0.9653,3.4271,0.3348,2.88321,9.23626,6.0,8.43
18.0,14500.0,58000.0,9.0,7.0,0.0,0.0,1.6067,0.3558,0.9668,0.6968,0.6252,0.9499,4.4371,160.311,0.9653,3.4271,0.3348,2.88321,9.23626,7.0,2.408
18.0,14500.0,58000.0,9.0,7.0,0.0,0.0,1.6067,0.3558,0.9668,0.6968,0.6252,0.9499,4.4371,160.311,0.9653,3.4271,0.3348,2.88321,9.23626,8.0,12041.0
18.0,14500.0,58000.0,9.0,7.0,0.0,0.0,1.6067,0.3558,0.9668,0.6968,0.6252,0.9499,4.4371,160.311,0.9653,3.4271,0.3348,2.88321,9.23626,9.0,456.399
18.0,14500.0,58000.0,9.0,7.0,0.0,0.0,1.6067,0.3558,0.9668,0.6968,0.6252,0.9499,4.4371,160.311,0.9653,3.4271,0.3348,2.88321,9.23626,10.0,2.408
18.0,14500.0,58000.0,9.0,7.0,0.0,0.0,1.6067,0.3558,0.9668,0.6968,0.6252,0.9499,4.4371,160.311,0.9653,3.4271,0.3348,2.88321,9.23626,11.0,2575.83
18.0,14500.0,58000.0,9.0,7.0,0.0,0.0,1.6067,0.3558,0.9668,0.6968,0.6252,0.9499,4.4371,160.311,0.9653,3.4271,0.3348,2.88321,9.23626,12.0,56.598
18.0,14500.0,58000.0,9.0,7.0,0.0,0.0,1.6067,0.3558,0.9668,0.6968,0.6252,0.9499,4.4371,160.311,0.9653,3.4271,0.3348,2.88321,9.23626,13.0,580.434
18.0,14500.0,58000.0,9.0,7.0,0.0,0.0,1.6067,0.3558,0.9668,0.6968,0.6252,0.9499,4.4371,160.311,0.9653,3.4271,0.3348,2.88321,9.23626,14.0,48.169
18.0,14500.0,58000.0,9.0,7.0,0.0,0.0,1.6067,0.3558,0.9668,0.6968,0.6252,0.9499,4.4371,160.311,0.9653,3.4271,0.3348,2.88321,9.23626,15.0,9.634
18.0,14500.0,58000.0,9.0,7.0,0.0,0.0,1.6067,0.3558,0.9668,0.6968,0.6252,0.9499,4.4371,160.311,0.9653,3.4271,0.3348,2.88321,9.23626,16.0,51.781
18.0,14500.0,58000.0,9.0,7.0,0.0,0.0,1.6067,0.3558,0.9668,0.6968,0.6252,0.9499,4.4371,160.311,0.9653,3.4271,0.3348,2.88321,9.23626,17.0,12041.0
18.0,14500.0,58000.0,9.0,7.0,0.0,0.0,1.6067,0.3558,0.9668,0.6968,0.6252,0.9499,4.4371,160.311,0.9653,3.4271,0.3348,2.88321,9.23626,18.0,51.781
18.0,14500.0,58000.0,9.0,7.0,0.0,0.0,1.6067,0.3558,0.9668,0.6968,0.6252,0.9499,4.4371,160.311,0.9653,3.4271,0.3348,2.88321,9.23626,19.0,460.012
18.0,14500.0,58000.0,9.0,7.0,0.0,0.0,1.6067,0.3558,0.9668,0.6968,0.6252,0.9499,4.4371,160.311,0.9653,3.4271,0.3348,2.88321,9.23626,20.0,0.0
18.0,14500.0,58000.0,9.0,7.0,0.0,0.0,1.6067,0.3558,0.9668,0.6968,0.6252,0.9499,4.4371,160.311,0.9653,3.4271,0.3348,2.88321,9.23626,21.0,808.031
18.0,14500.0,58000.0,9.0,7.0,0.0,0.0,1.6067,0.3558,0.9668,0.6968,0.6252,0.9499,4.4371,160.311,0.9653,3.4271,0.3348,2.88321,9.23626,22.0,167.387
18.0,14500.0,58000.0,9.0,7.0,0.0,0.0,1.6067,0.3558,0.9668,0.6968,0.6252,0.9499,4.4371,160.311,0.9653,3.4271,0.3348,2.88321,9.23626,23.0,69.845
19.0,2580.0,7078.0,56.0,91.0,0.0,0.0,2.2442,NaN,0.9165,0.6818,0.5575,0.866,6.7156,108.296,4.8787,0.3672,0.1815,26.8799,1.02314,0.0,2.13
19.0,2580.0,7078.0,56.0,91.0,0.0,0.0,2.2442,NaN,0.9165,0.6818,0.5575,0.866,6.7156,108.296,4.8787,0.3672,0.1815,26.8799,1.02314,1.0,161.514
19.0,2580.0,7078.0,56.0,91.0,0.0,0.0,2.2442,NaN,0.9165,0.6818,0.5575,0.866,6.7156,108.296,4.8787,0.3672,0.1815,26.8799,1.02314,2.0,161.514
19.0,2580.0,7078.0,56.0,91.0,0.0,0.0,2.2442,NaN,0.9165,0.6818,0.5575,0.866,6.7156,108.296,4.8787,0.3672,0.1815,26.8799,1.02314,3.0,46.857
19.0,2580.0,7078.0,56.0,91.0,0.0,0.0,2.2442,NaN,0.9165,0.6818,0.5575,0.866,6.7156,108.296,4.8787,0.3672,0.1815,26.8799,1.02314,4.0,14.909
19.0,2580.0,7078.0,56.0,91.0,0.0,0.0,2.2442,NaN,0.9165,0.6818,0.5575,0.866,6.7156,108.296,4.8787,0.3672,0.1815,26.8799,1.02314,5.0,5.325
19.0,2580.0,7078.0,56.0,91.0,0.0,0.0,2.2442,NaN,0.9165,0.6818,0.5575,0.866,6.7156,108.296,4.8787,0.3672,0.1815,26.8799,1.02314,6.0,161.514
19.0,2580.0,7078.0,56.0,91.0,0.0,0.0,2.2442,NaN,0.9165,0.6818,0.5575,0.866,6.7156,108.296,4.8787,0.3672,0.1815,26.8799,1.02314,7.0,16.506
19.0,2580.0,7078.0,56.0,91.0,0.0,0.0,2.2442,NaN,0.9165,0.6818,0.5575,0.866,6.7156,108.296,4.8787,0.3672,0.1815,26.8799,1.02314,8.0,161.514
19.0,2580.0,7078.0,56.0,91.0,0.0,0.0,2.2442,NaN,0.9165,0.6818,0.5575,0.866,6.7156,108.296,4.8787,0.3672,0.1815,26.8799,1.02314,9.0,161.514
19.0,2580.0,7078.0,56.0,91.0,0.0,0.0,2.2442,NaN,0.9165,0.6818,0.5575,0.866,6.7156,108.296,4.8787,0.3672,0.1815,26.8799,1.02314,10.0,5.857
19.0,2580.0,7078.0,56.0,91.0,0.0,0.0,2.2442,NaN,0.9165,0.6818,0.5575,0.866,6.7156,108.296,4.8787,0.3672,0.1815,26.8799,1.02314,11.0,120.692
19.0,2580.0,7078.0,56.0,91.0,0.0,0.0,2.2442,NaN,0.9165,0.6818,0.5575,0.866,6.7156,108.296,4.8787,0.3672,0.1815,26.8799,1.02314,12.0,18.104
19.0,2580.0,7078.0,56.0,91.0,0.0,0.0,2.2442,NaN,0.9165,0.6818,0.5575,0.866,6.7156,108.296,4.8787,0.3672,0.1815,26.8799,1.02314,13.0,53.424
19.0,2580.0,7078.0,56.0,91.0,0.0,0.0,2.2442,NaN,0.9165,0.6818,0.5575,0.866,6.7156,108.296,4.8787,0.3672,0.1815,26.8799,1.02314,14.0,161.514
19.0,2580.0,7078.0,56.0,91.0,0.0,0.0,2.2442,NaN,0.9165,0.6818,0.5575,0.866,6.7156,108.296,4.8787,0.3672,0.1815,26.8799,1.02314,15.0,0.887
19.0,2580.0,7078.0,56.0,91.0,0.0,0.0,2.2442,NaN,0.9165,0.6818,0.5575,0.866,6.7156,108.296,4.8787,0.3672,0.1815,26.8799,1.02314,16.0,20.234
19.0,2580.0,7078.0,56.0,91.0,0.0,0.0,2.2442,NaN,0.9165,0.6818,0.5575,0.866,6.7156,108.296,4.8787,0.3672,0.1815,26.8799,1.02314,17.0,47.389
19.0,2580.0,7078.0,56.0,91.0,0.0,0.0,2.2442,NaN,0.9165,0.6818,0.5575,0.866,6.7156,108.296,4.8787,0.3672,0.1815,26.8799,1.02314,18.0,30.35
19.0,2580.0,7078.0,56.0,91.0,0.0,0.0,2.2442,NaN,0.9165,0.6818,0.5575,0.866,6.7156,108.296,4.8787,0.3672,0.1815,26.8799,1.02314,19.0,55.199
19.0,2580.0,7078.0,56.0,91.0,0.0,0.0,2.2442,NaN,0.9165,0.6818,0.5575,0.866,6.7156,108.296,4.8787,0.3672,0.1815,26.8799,1.02314,20.0,0.0
19.0,2580.0,7078.0,56.0,91.0,0.0,0.0,2.2442,NaN,0.9165,0.6818,0.5575,0.866,6.7156,108.296,4.8787,0.3672,0.1815,26.8799,1.02314,21.0,71.882
19.0,2580.0,7078.0,56.0,91.0,0.0,0.0,2.2442,NaN,0.9165,0.6818,0.5575,0.866,6.7156,108.296,4.8787,0.3672,0.1815,26.8799,1.02314,22.0,41.532
19.0,2580.0,7078.0,56.0,91.0,0.0,0.0,2.2442,NaN,0.9165,0.6818,0.5575,0.866,6.7156,108.296,4.8787,0.3672,0.1815,26.8799,1.02314,23.0,48.987
20.0,1499.0,4999.0,14.0,2.0,0.0,0.0,1.1316,0.3676,0.7792,NaN,1.0,NaN,0.6483,4.3322,0.9998,3.8755,0.285,3.50807,12.5982,0.0,2.286
20.0,1499.0,4999.0,14.0,2.0,0.0,0.0,1.1316,0.3676,0.7792,NaN,1.0,NaN,0.6483,4.3322,0.9998,3.8755,0.285,3.50807,12.5982,1.0,4.364
20.0,1499.0,4999.0,14.0,2.0,0.0,0.0,1.1316,0.3676,0.7792,NaN,1.0,NaN,0.6483,4.3322,0.9998,3.8755,0.285,3.50807,12.5982,2.0,6.027
20.0,1499.0,4999.0,14.0,2.0,0.0,0.0,1.1316,0.3676,0.7792,NaN,1.0,NaN,0.6483,4.3322,0.9998,3.8755,0.285,3.50807,12.5982,3.0,17.458
20.0,1499.0,4999.0,14.0,2.0,0.0,0.0,1.1316,0.3676,0.7792,NaN,1.0,NaN,0.6483,4.3322,0.9998,3.8755,0.285,3.50807,12.5982,4.0,0.208
20.0,1499.0,4999.0,14.0,2.0,0.0,0.0,1.1316,0.3676,0.7792,NaN,1.0,NaN,0.6483,4.3322,0.9998,3.8755,0.285,3.50807,12.5982,5.0,2.702
20.0,1499.0,4999.0,14.0,2.0,0.0,0.0,1.1316,0.3676,0.7792,NaN,1.0,NaN,0.6483,4.3322,0.9998,3.8755,0.285,3.50807,12.5982,6.0,1.039
20.0,1499.0,4999.0,14.0,2.0,0.0,0.0,1.1316,0.3676,0.7792,NaN,1.0,NaN,0.6483,4.3322,0.9998,3.8755,0.285,3.50807,12.5982,7.0,3.949
20.0,1499.0,4999.0,14.0,2.0,0.0,0.0,1.1316,0.3676,0.7792,NaN,1.0,NaN,0.6483,4.3322,0.9998,3.8755,0.285,3.50807,12.5982,8.0,200.349
20.0,1499.0,4999.0,14.0,2.0,0.0,0.0,1.1316,0.3676,0.7792,NaN,1.0,NaN,0.6483,4.3322,0.9998,3.8755,0.285,3.50807,12.5982,9.0,20.991
20.0,1499.0,4999.0,14.0,2.0,0.0,0.0,1.1316,0.3676,0.7792,NaN,1.0,NaN,0.6483,4.3322,0.9998,3.8755,0.285,3.50807,12.5982,10.0,0.0
20.0,1499.0,4999.0,14.0,2.0,0.0,0.0,1.1316,0.3676,0.7792,NaN,1.0,NaN,0.6483,4.3322,0.9998,3.8755,0.285,3.50807,12.5982,11.0,94.355
20.0,1499.0,4999.0,14.0,2.0,0.0,0.0,1.1316,0.3676,0.7792,NaN,1.0,NaN,0.6483,4.3322,0.9998,3.8755,0.285,3.50807,12.5982,12.0,3.533
20.0,1499.0,4999.0,14.0,2.0,0.0,0.0,1.1316,0.3676,0.7792,NaN,1.0,NaN,0.6483,4.3322,0.9998,3.8755,0.285,3.50807,12.5982,13.0,17.873
20.0,1499.0,4999.0,14.0,2.0,0.0,0.0,1.1316,0.3676,0.7792,NaN,1.0,NaN,0.6483,4.3322,0.9998,3.8755,0.285,3.50807,12.5982,14.0,39.904
20.0,1499.0,4999.0,14.0,2.0,0.0,0.0,1.1316,0.3676,0.7792,NaN,1.0,NaN,0.6483,4.3322,0.9998,3.8755,0.285,3.50807,12.5982,15.0,0.623
20.0,1499.0,4999.0,14.0,2.0,0.0,0.0,1.1316,0.3676,0.7792,NaN,1.0,NaN,0.6483,4.3322,0.9998,3.8755,0.285,3.50807,12.5982,16.0,4.364
20.0,1499.0,4999.0,14.0,2.0,0.0,0.0,1.1316,0.3676,0.7792,NaN,1.0,NaN,0.6483,4.3322,0.9998,3.8755,0.285,3.50807,12.5982,17.0,8.105
20.0,1499.0,4999.0,14.0,2.0,0.0,0.0,1.1316,0.3676,0.7792,NaN,1.0,NaN,0.6483,4.3322,0.9998,3.8755,0.285,3.50807,12.5982,18.0,6.027
20.0,1499.0,4999.0,14.0,2.0,0.0,0.0,1.1316,0.3676,0.7792,NaN,1.0,NaN,0.6483,4.3322,0.9998,3.8755,0.285,3.50807,12.5982,19.0,16.834
20.0,1499.0,4999.0,14.0,2.0,0.0,0.0,1.1316,0.3676,0.7792,NaN,1.0,NaN,0.6483,4.3322,0.9998,3.8755,0.285,3.50807,12.5982,20.0,0.831
20.0,1499.0,4999.0,14.0,2.0,0.0,0.0,1.1316,0.3676,0.7792,NaN,1.0,NaN,0.6483,4.3322,0.9998,3.8755,0.285,3.50807,12.5982,21.0,12.886
20.0,1499.0,4999.0,14.0,2.0,0.0,0.0,1.1316,0.3676,0.7792,NaN,1.0,NaN,0.6483,4.3322,0.9998,3.8755,0.285,3.50807,12.5982,22.0,3.325
20.0,1499.0,4999.0,14.0,2.0,0.0,0.0,1.1316,0.3676,0.7792,NaN,1.0,NaN,0.6483,4.3322,0.9998,3.8755,0.285,3.50807,12.5982,23.0,2.286
21.0,846.0,846.0,18.0,4.0,0.0,0.0,1.5392,0.4828,0.842,0.8189,0.4696,0.9139,0.8282,5.18,1.9979,4.2472,0.3538,5.64698,11.0045,0.0,11.893
21.0,846.0,846.0,18.0,4.0,0.0,0.0,1.5392,0.4828,0.842,0.8189,0.4696,0.9139,0.8282,5.18,1.9979,4.2472,0.3538,5.64698,11.0045,1.0,1.874
21.0,846.0,846.0,18.0,4.0,0.0,0.0,1.5392,0.4828,0.842,0.8189,0.4696,0.9139,0.8282,5.18,1.9979,4.2472,0.3538,5.64698,11.0045,2.0,4.643
21.0,846.0,846.0,18.0,4.0,0.0,0.0,1.5392,0.4828,0.842,0.8189,0.4696,0.9139,0.8282,5.18,1.9979,4.2472,0.3538,5.64698,11.0045,3.0,33.235
21.0,846.0,846.0,18.0,4.0,0.0,0.0,1.5392,0.4828,0.842,0.8189,0.4696,0.9139,0.8282,5.18,1.9979,4.2472,0.3538,5.64698,11.0045,4.0,9.856
21.0,846.0,846.0,18.0,4.0,0.0,0.0,1.5392,0.4828,0.842,0.8189,0.4696,0.9139,0.8282,5.18,1.9979,4.2472,0.3538,5.64698,11.0045,5.0,9.449
21.0,846.0,846.0,18.0,4.0,0.0,0.0,1.5392,0.4828,0.842,0.8189,0.4696,0.9139,0.8282,5.18,1.9979,4.2472,0.3538,5.64698,11.0045,6.0,6.924
21.0,846.0,846.0,18.0,4.0,0.0,0.0,1.5392,0.4828,0.842,0.8189,0.4696,0.9139,0.8282,5.18,1.9979,4.2472,0.3538,5.64698,11.0045,7.0,10.508
21.0,846.0,846.0,18.0,4.0,0.0,0.0,1.5392,0.4828,0.842,0.8189,0.4696,0.9139,0.8282,5.18,1.9979,4.2472,0.3538,5.64698,11.0045,8.0,10.589
21.0,846.0,846.0,18.0,4.0,0.0,0.0,1.5392,0.4828,0.842,0.8189,0.4696,0.9139,0.8282,5.18,1.9979,4.2472,0.3538,5.64698,11.0045,9.0,28.917
21.0,846.0,846.0,18.0,4.0,0.0,0.0,1.5392,0.4828,0.842,0.8189,0.4696,0.9139,0.8282,5.18,1.9979,4.2472,0.3538,5.64698,11.0045,10.0,13.359
21.0,846.0,846.0,18.0,4.0,0.0,0.0,1.5392,0.4828,0.842,0.8189,0.4696,0.9139,0.8282,5.18,1.9979,4.2472,0.3538,5.64698,11.0045,11.0,48.874
21.0,846.0,846.0,18.0,4.0,0.0,0.0,1.5392,0.4828,0.842,0.8189,0.4696,0.9139,0.8282,5.18,1.9979,4.2472,0.3538,5.64698,11.0045,12.0,0.081
21.0,846.0,846.0,18.0,4.0,0.0,0.0,1.5392,0.4828,0.842,0.8189,0.4696,0.9139,0.8282,5.18,1.9979,4.2472,0.3538,5.64698,11.0045,13.0,5.376
21.0,846.0,846.0,18.0,4.0,0.0,0.0,1.5392,0.4828,0.842,0.8189,0.4696,0.9139,0.8282,5.18,1.9979,4.2472,0.3538,5.64698,11.0045,14.0,14.174
21.0,846.0,846.0,18.0,4.0,0.0,0.0,1.5392,0.4828,0.842,0.8189,0.4696,0.9139,0.8282,5.18,1.9979,4.2472,0.3538,5.64698,11.0045,15.0,12.056
21.0,846.0,846.0,18.0,4.0,0.0,0.0,1.5392,0.4828,0.842,0.8189,0.4696,0.9139,0.8282,5.18,1.9979,4.2472,0.3538,5.64698,11.0045,16.0,10.182
21.0,846.0,846.0,18.0,4.0,0.0,0.0,1.5392,0.4828,0.842,0.8189,0.4696,0.9139,0.8282,5.18,1.9979,4.2472,0.3538,5.64698,11.0045,17.0,15.477
21.0,846.0,846.0,18.0,4.0,0.0,0.0,1.5392,0.4828,0.842,0.8189,0.4696,0.9139,0.8282,5.18,1.9979,4.2472,0.3538,5.64698,11.0045,18.0,11.16
21.0,846.0,846.0,18.0,4.0,0.0,0.0,1.5392,0.4828,0.842,0.8189,0.4696,0.9139,0.8282,5.18,1.9979,4.2472,0.3538,5.64698,11.0045,19.0,3.421
21.0,846.0,846.0,18.0,4.0,0.0,0.0,1.5392,0.4828,0.842,0.8189,0.4696,0.9139,0.8282,5.18,1.9979,4.2472,0.3538,5.64698,11.0045,20.0,12.056
21.0,846.0,846.0,18.0,4.0,0.0,0.0,1.5392,0.4828,0.842,0.8189,0.4696,0.9139,0.8282,5.18,1.9979,4.2472,0.3538,5.64698,11.0045,21.0,0.0
21.0,846.0,846.0,18.0,4.0,0.0,0.0,1.5392,0.4828,0.842,0.8189,0.4696,0.9139,0.8282,5.18,1.9979,4.2472,0.3538,5.64698,11.0045,22.0,12.789
21.0,846.0,846.0,18.0,4.0,0.0,0.0,1.5392,0.4828,0.842,0.8189,0.4696,0.9139,0.8282,5.18,1.9979,4.2472,0.3538,5.64698,11.0045,23.0,5.458
